"orgId","type of session","number","date","notBefore","notAfter","persId","chairman","spId","nodeId","titleId","taxonomyIds","topicIds","type","text string"
"parl.DruzPolZb","seja",38,"1992-06-03","14:43:00","15:17:00","",0,"DruzPolZb.1992-06-03.s038-03.sp-256","DruzPolZb.1992-06-03.s038-03.sp-256.1",DruzPolZb.1992-06-03.s038-03.toc-item1,"","","speaker","PREDSEDNIK DR. LUDVIK TOPLAK:"
"parl.DruzPolZb","seja",38,"1992-06-03","14:43:00","15:17:00","ToplakLudvik1942",1,"DruzPolZb.1992-06-03.s038-03.sp-256","DruzPolZb.1992-06-03.s038-03.sp-256.2",DruzPolZb.1992-06-03.s038-03.toc-item1,"taxonomy.2.8","topic.50","utterance","Ugotovimo navzočnost!"
"parl.DruzPolZb","seja",38,"1992-06-03","14:43:00","15:17:00","",0,"DruzPolZb.1992-06-03.s038-03.sp-256","DruzPolZb.1992-06-03.s038-03.sp-256.3",DruzPolZb.1992-06-03.s038-03.toc-item1,"","","quorum","28 prisotnih."
"parl.DruzPolZb","seja",38,"1992-06-03","14:43:00","15:17:00","ToplakLudvik1942",1,"DruzPolZb.1992-06-03.s038-03.sp-256","DruzPolZb.1992-06-03.s038-03.sp-256.4",DruzPolZb.1992-06-03.s038-03.toc-item1,"taxonomy.2.8","topic.50","utterance","Prosim vodje poslanskih klubov, da ugotovijo možnost za nadaljevanje dela čez pet minut. Predlagam, da ugotovimo navzočnost!"
"parl.DruzPolZb","seja",38,"1992-06-03","14:43:00","15:17:00","",0,"DruzPolZb.1992-06-03.s038-03.sp-256","DruzPolZb.1992-06-03.s038-03.sp-256.5",DruzPolZb.1992-06-03.s038-03.toc-item1,"","","quorum","34, 35 prisotnih."
"parl.DruzPolZb","seja",38,"1992-06-03","14:43:00","15:17:00","ToplakLudvik1942",1,"DruzPolZb.1992-06-03.s038-03.sp-256","DruzPolZb.1992-06-03.s038-03.sp-256.6",DruzPolZb.1992-06-03.s038-03.toc-item1,"taxonomy.2.8","topic.50","utterance","Nepreklicno in zadnjič podaljšujem za 10 minut. Nepreklicno in zadnjič čez 10 minut."
"parl.DruzPolZb","seja",38,"1992-06-03","14:43:00","15:17:00","ToplakLudvik1942",1,"DruzPolZb.1992-06-03.s038-03.sp-256","DruzPolZb.1992-06-03.s038-03.sp-256.7",DruzPolZb.1992-06-03.s038-03.toc-item1,"taxonomy.2.8","topic.50","utterance","Poslanke in poslanci, ugotavljamo navzočnost! Prosim, ugotavljamo navzočnost!"
"parl.DruzPolZb","seja",38,"1992-06-03","14:43:00","15:17:00","",0,"DruzPolZb.1992-06-03.s038-03.sp-256","DruzPolZb.1992-06-03.s038-03.sp-256.8",DruzPolZb.1992-06-03.s038-03.toc-item1,"","","quorum","40 prisotnih."
"parl.DruzPolZb","seja",38,"1992-06-03","14:43:00","15:17:00","ToplakLudvik1942",1,"DruzPolZb.1992-06-03.s038-03.sp-256","DruzPolZb.1992-06-03.s038-03.sp-256.9",DruzPolZb.1992-06-03.s038-03.toc-item1,"taxonomy.2.8","topic.50","utterance","Ponovno prosim! Ugotavljamo navzočnost!"
"parl.DruzPolZb","seja",38,"1992-06-03","14:43:00","15:17:00","",0,"DruzPolZb.1992-06-03.s038-03.sp-256","DruzPolZb.1992-06-03.s038-03.sp-256.10",DruzPolZb.1992-06-03.s038-03.toc-item1,"","","quorum","43 prisotnih."
"parl.DruzPolZb","seja",38,"1992-06-03","14:43:00","15:17:00","ToplakLudvik1942",1,"DruzPolZb.1992-06-03.s038-03.sp-256","DruzPolZb.1992-06-03.s038-03.sp-256.11",DruzPolZb.1992-06-03.s038-03.toc-item1,"taxonomy.2.8","topic.50","utterance","Jaz imam prešteto. 43 nas je v dvorani, pa tudi vem kdo se ni prijavil, ampak sklepčni smo."
"parl.DruzPolZb","seja",38,"1992-06-03","14:43:00","15:17:00","ToplakLudvik1942",1,"DruzPolZb.1992-06-03.s038-03.sp-256","DruzPolZb.1992-06-03.s038-03.sp-256.12",DruzPolZb.1992-06-03.s038-03.toc-item2,"taxonomy.3.9.5.1.3","topic.409","utterance","Gremo na 7. TOČKO DNEVNEGA REDA 38. seje Družbenopolitičnega zbora SKLEPANJE K PREDLOGU ZAKONA ZA ZAPOSLOVANJE TUJCEV."
"parl.DruzPolZb","seja",38,"1992-06-03","14:43:00","15:17:00","ToplakLudvik1942",1,"DruzPolZb.1992-06-03.s038-03.sp-256","DruzPolZb.1992-06-03.s038-03.sp-256.13",DruzPolZb.1992-06-03.s038-03.toc-item2,"taxonomy.3.9.5.1.3","topic.409","utterance","Razpravo k predlogu zakona za zaposlovanje tujcev smo opravili na seji, 13.5.1992. Predlog amandmajev k predlogu zakona smo prejeli na seji, dne 15.5.92 in preidemo na glasovanje. Predstavnica Vlade, Nataša Belopavlovič - namestnica ministrice za delo, prosim."
"parl.DruzPolZb","seja",38,"1992-06-03","14:43:00","15:17:00","",0,"DruzPolZb.1992-06-03.s038-03.sp-257","DruzPolZb.1992-06-03.s038-03.sp-257.1",DruzPolZb.1992-06-03.s038-03.toc-item2,"","","speaker","NATAŠA BELOPAVLOVIČ:"
"parl.DruzPolZb","seja",38,"1992-06-03","14:43:00","15:17:00","BelopavlovicNatasa1949",0,"DruzPolZb.1992-06-03.s038-03.sp-257","DruzPolZb.1992-06-03.s038-03.sp-257.2",DruzPolZb.1992-06-03.s038-03.toc-item2,"taxonomy.3.9.5.1.3","topic.409","utterance","Ne bi rada zadrževala, samo prosila bi nekaj. Glede na to, da je bila razprava opravljena že pred precej časa nazaj, bi prosila, če lahko obrazložimo mnenje Vlade takrat zoper posamezne amandmaje, ker se mi zdi pomembno, da se ve, zakaj se o kakšni stvari glasuje."
"parl.DruzPolZb","seja",38,"1992-06-03","14:43:00","15:17:00","",0,"DruzPolZb.1992-06-03.s038-03.sp-258","DruzPolZb.1992-06-03.s038-03.sp-258.1",DruzPolZb.1992-06-03.s038-03.toc-item2,"","","speaker","PODPREDSEDNIK ANTON PERŠAK:"
"parl.DruzPolZb","seja",38,"1992-06-03","14:43:00","15:17:00","PersakAnton1947",1,"DruzPolZb.1992-06-03.s038-03.sp-258","DruzPolZb.1992-06-03.s038-03.sp-258.2",DruzPolZb.1992-06-03.s038-03.toc-item2,"taxonomy.3.9.5.1.3","topic.409","utterance","Hvala. Prehajamo na glasovanje. Pregled amandmajev imate pred seboj, predvidevam. Najprej glasujemo o amandmaju, ki ga je v našem zboru vložil gospod Kociper. In sicer amandma pravi, da bi tujec lahko sklenil delovno razmerje ali opravljal delo v Republiki Sloveniji na podlagi delovnega dovoljenja, ki ga mora predložiti prošnji itn. Amandma imate na pregledu na prvi strani pod številko 2, da ne bom vsega bral. Vlada se ne strinja z amandmajem, matični odbor tudi ne. Zakonodajno-pravna komisija se ni opredelila, ker gre za amandma vsebinske narave. Prosim, če na začetku glasovanja preverimo navzočnost. Vse poslance prosim, da potrdite navzočnost. Smo vsi?"
"parl.DruzPolZb","seja",38,"1992-06-03","14:43:00","15:17:00","",0,"DruzPolZb.1992-06-03.s038-03.sp-258","DruzPolZb.1992-06-03.s038-03.sp-258.3",DruzPolZb.1992-06-03.s038-03.toc-item2,"","","quorum","41 prisotnih."
"parl.DruzPolZb","seja",38,"1992-06-03","14:43:00","15:17:00","PersakAnton1947",1,"DruzPolZb.1992-06-03.s038-03.sp-258","DruzPolZb.1992-06-03.s038-03.sp-258.4",DruzPolZb.1992-06-03.s038-03.toc-item2,"taxonomy.3.9.5.1.3","topic.409","utterance","Kdo je za amandma gospoda Kocipra?"
"parl.DruzPolZb","seja",38,"1992-06-03","14:43:00","15:17:00","",0,"DruzPolZb.1992-06-03.s038-03.sp-258","DruzPolZb.1992-06-03.s038-03.sp-258.5",DruzPolZb.1992-06-03.s038-03.toc-item2,"","","vote","18 poslancev."
"parl.DruzPolZb","seja",38,"1992-06-03","14:43:00","15:17:00","PersakAnton1947",1,"DruzPolZb.1992-06-03.s038-03.sp-258","DruzPolZb.1992-06-03.s038-03.sp-258.6",DruzPolZb.1992-06-03.s038-03.toc-item2,"taxonomy.3.9.5.1.3","topic.409","utterance","Je kdo proti?"
"parl.DruzPolZb","seja",38,"1992-06-03","14:43:00","15:17:00","",0,"DruzPolZb.1992-06-03.s038-03.sp-258","DruzPolZb.1992-06-03.s038-03.sp-258.7",DruzPolZb.1992-06-03.s038-03.toc-item2,"","","vote","13 poslancev."
"parl.DruzPolZb","seja",38,"1992-06-03","14:43:00","15:17:00","PersakAnton1947",1,"DruzPolZb.1992-06-03.s038-03.sp-258","DruzPolZb.1992-06-03.s038-03.sp-258.8",DruzPolZb.1992-06-03.s038-03.toc-item2,"taxonomy.3.9.5.1.3","topic.409","utterance","Se je kdo vzdržal?"
"parl.DruzPolZb","seja",38,"1992-06-03","14:43:00","15:17:00","",0,"DruzPolZb.1992-06-03.s038-03.sp-258","DruzPolZb.1992-06-03.s038-03.sp-258.9",DruzPolZb.1992-06-03.s038-03.toc-item2,"","","vote","8 poslancev."
"parl.DruzPolZb","seja",38,"1992-06-03","14:43:00","15:17:00","PersakAnton1947",1,"DruzPolZb.1992-06-03.s038-03.sp-258","DruzPolZb.1992-06-03.s038-03.sp-258.10",DruzPolZb.1992-06-03.s038-03.toc-item2,"taxonomy.3.9.5.1.3","topic.409","utterance","Ugotavljam, da z 18 za, 13 proti in 8 vzdržanimi amandma ni izglasovan."
"parl.DruzPolZb","seja",38,"1992-06-03","14:43:00","15:17:00","PersakAnton1947",1,"DruzPolZb.1992-06-03.s038-03.sp-258","DruzPolZb.1992-06-03.s038-03.sp-258.11",DruzPolZb.1992-06-03.s038-03.toc-item2,"taxonomy.3.9.5.1.3","topic.409","utterance","Naslednji amandma je vložila Metka Mencin. Glede na oddaljenost od začetnega predloga je najbolje, da najprej glasujemo o amandmaju, ki ga je vložil g. Ludvik Toplak, to je amandma pod številko pet v pregledu, če ga pogledate, da se doda v prvem odstavku drugega člena ""v skladu s tem zakonom oziroma mednarodno pogodbo"" drugi odstavek drugega člena pa se črta. Vlada ne podpira, matični odbor ne podpira. Zakonodajno pravna pravi, da je amandma vsebinske narave."
"parl.DruzPolZb","seja",38,"1992-06-03","14:43:00","15:17:00","PersakAnton1947",1,"DruzPolZb.1992-06-03.s038-03.sp-258","DruzPolZb.1992-06-03.s038-03.sp-258.12",DruzPolZb.1992-06-03.s038-03.toc-item2,"taxonomy.3.9.5.1.3","topic.409","utterance","Kdo je za?"
"parl.DruzPolZb","seja",38,"1992-06-03","14:43:00","15:17:00","",0,"DruzPolZb.1992-06-03.s038-03.sp-258","DruzPolZb.1992-06-03.s038-03.sp-258.13",DruzPolZb.1992-06-03.s038-03.toc-item2,"","","vote","16 poslancev."
"parl.DruzPolZb","seja",38,"1992-06-03","14:43:00","15:17:00","PersakAnton1947",1,"DruzPolZb.1992-06-03.s038-03.sp-258","DruzPolZb.1992-06-03.s038-03.sp-258.14",DruzPolZb.1992-06-03.s038-03.toc-item2,"taxonomy.3.9.5.1.3","topic.409","utterance","Je kdo proti?"
"parl.DruzPolZb","seja",38,"1992-06-03","14:43:00","15:17:00","",0,"DruzPolZb.1992-06-03.s038-03.sp-258","DruzPolZb.1992-06-03.s038-03.sp-258.15",DruzPolZb.1992-06-03.s038-03.toc-item2,"","","vote","4 poslanci."
"parl.DruzPolZb","seja",38,"1992-06-03","14:43:00","15:17:00","PersakAnton1947",1,"DruzPolZb.1992-06-03.s038-03.sp-258","DruzPolZb.1992-06-03.s038-03.sp-258.16",DruzPolZb.1992-06-03.s038-03.toc-item2,"taxonomy.3.9.5.1.3","topic.409","utterance","Se je kdo vzdržal?"
"parl.DruzPolZb","seja",38,"1992-06-03","14:43:00","15:17:00","",0,"DruzPolZb.1992-06-03.s038-03.sp-258","DruzPolZb.1992-06-03.s038-03.sp-258.17",DruzPolZb.1992-06-03.s038-03.toc-item2,"","","vote","17 poslancev."
"parl.DruzPolZb","seja",38,"1992-06-03","14:43:00","15:17:00","PersakAnton1947",1,"DruzPolZb.1992-06-03.s038-03.sp-258","DruzPolZb.1992-06-03.s038-03.sp-258.18",DruzPolZb.1992-06-03.s038-03.toc-item2,"taxonomy.3.9.5.1.3","topic.409","utterance","Ugotavljam, da amandma ni izglasovan."
"parl.DruzPolZb","seja",38,"1992-06-03","14:43:00","15:17:00","PersakAnton1947",1,"DruzPolZb.1992-06-03.s038-03.sp-258","DruzPolZb.1992-06-03.s038-03.sp-258.19",DruzPolZb.1992-06-03.s038-03.toc-item2,"taxonomy.3.9.5.1.3","topic.409","utterance","Sedaj glasujemo o amandmaju pod številko 3, to je amandma, ki ga je vložil našemu zboru gospod France Tomšič in pravi, da se na koncu drugega odstavka pika nadomesti z vejico in doda besedilo ""če mu je izdano dovoljenje za stalno bivanje"" itn. Gospod Tomšič bo razložil svoj glas."
"parl.DruzPolZb","seja",38,"1992-06-03","14:43:00","15:17:00","",0,"DruzPolZb.1992-06-03.s038-03.sp-259","DruzPolZb.1992-06-03.s038-03.sp-259.1",DruzPolZb.1992-06-03.s038-03.toc-item2,"","","speaker","FRANCE TOMŠIČ:"
"parl.DruzPolZb","seja",38,"1992-06-03","14:43:00","15:17:00","TomsicFrance1937",0,"DruzPolZb.1992-06-03.s038-03.sp-259","DruzPolZb.1992-06-03.s038-03.sp-259.2",DruzPolZb.1992-06-03.s038-03.toc-item2,"taxonomy.3.9.5.1.3","topic.409","utterance","Hvala lepa. Spoštovani, gre sedaj za naslednjo stvar: ali smo za to, če nekdo dobi stalno bivališče v Sloveniji, da dobi tudi potem dovoljenje za delo? Jaz sem bil pred 20 leti v inozemstvu in ker sem bil poročen s tujko, sem že takrat dobil normalno tudi dovoljenje za delo in jaz mislim, da je to nekaj, da je to ta standard, ki ga Evropa že spoštuje. Zato manj kot od tega ne moremo iti. Torej predlagam, da glasujete za. Hvala lepa."
"parl.DruzPolZb","seja",38,"1992-06-03","14:43:00","15:17:00","",0,"DruzPolZb.1992-06-03.s038-03.sp-260","DruzPolZb.1992-06-03.s038-03.sp-260.1",DruzPolZb.1992-06-03.s038-03.toc-item2,"","","speaker","PODPREDSEDNIK ANTON PERŠAK:"
"parl.DruzPolZb","seja",38,"1992-06-03","14:43:00","15:17:00","PersakAnton1947",1,"DruzPolZb.1992-06-03.s038-03.sp-260","DruzPolZb.1992-06-03.s038-03.sp-260.2",DruzPolZb.1992-06-03.s038-03.toc-item2,"taxonomy.3.9.5.1.3","topic.409","utterance","Hvala lepa. Prosim, da navzočnost ugotovimo. Vse poslance prosim, da potrdite navzočnost. Smo vsi?"
"parl.DruzPolZb","seja",38,"1992-06-03","14:43:00","15:17:00","",0,"DruzPolZb.1992-06-03.s038-03.sp-260","DruzPolZb.1992-06-03.s038-03.sp-260.3",DruzPolZb.1992-06-03.s038-03.toc-item2,"","","quorum","39"
"parl.DruzPolZb","seja",38,"1992-06-03","14:43:00","15:17:00","PersakAnton1947",1,"DruzPolZb.1992-06-03.s038-03.sp-260","DruzPolZb.1992-06-03.s038-03.sp-260.4",DruzPolZb.1992-06-03.s038-03.toc-item2,"taxonomy.3.9.5.1.3","topic.409","utterance",". Ste vsi pritisnili, vsak svojo tipko. Prosim, če lahko koga še pridobimo. Še enkrat ugotavljamo navzočnost. Vse navzoče poslance prosim, da potrdite svojo navzočnost. Smo vsi?"
"parl.DruzPolZb","seja",38,"1992-06-03","14:43:00","15:17:00","",0,"DruzPolZb.1992-06-03.s038-03.sp-260","DruzPolZb.1992-06-03.s038-03.sp-260.5",DruzPolZb.1992-06-03.s038-03.toc-item2,"","","quorum","41 prisotnih."
"parl.DruzPolZb","seja",38,"1992-06-03","14:43:00","15:17:00","PersakAnton1947",1,"DruzPolZb.1992-06-03.s038-03.sp-260","DruzPolZb.1992-06-03.s038-03.sp-260.6",DruzPolZb.1992-06-03.s038-03.toc-item2,"taxonomy.3.9.5.1.3","topic.409","utterance","Kdo je za amandma gospoda Tomšiča?"
"parl.DruzPolZb","seja",38,"1992-06-03","14:43:00","15:17:00","",0,"DruzPolZb.1992-06-03.s038-03.sp-260","DruzPolZb.1992-06-03.s038-03.sp-260.7",DruzPolZb.1992-06-03.s038-03.toc-item2,"","","vote","30 poslancev."
"parl.DruzPolZb","seja",38,"1992-06-03","14:43:00","15:17:00","PersakAnton1947",1,"DruzPolZb.1992-06-03.s038-03.sp-260","DruzPolZb.1992-06-03.s038-03.sp-260.8",DruzPolZb.1992-06-03.s038-03.toc-item2,"taxonomy.3.9.5.1.3","topic.409","utterance","Je kdo proti?"
"parl.DruzPolZb","seja",38,"1992-06-03","14:43:00","15:17:00","",0,"DruzPolZb.1992-06-03.s038-03.sp-260","DruzPolZb.1992-06-03.s038-03.sp-260.9",DruzPolZb.1992-06-03.s038-03.toc-item2,"","","vote","Nihče."
"parl.DruzPolZb","seja",38,"1992-06-03","14:43:00","15:17:00","PersakAnton1947",1,"DruzPolZb.1992-06-03.s038-03.sp-260","DruzPolZb.1992-06-03.s038-03.sp-260.10",DruzPolZb.1992-06-03.s038-03.toc-item2,"taxonomy.3.9.5.1.3","topic.409","utterance","Se je kdo vzdržal?"
"parl.DruzPolZb","seja",38,"1992-06-03","14:43:00","15:17:00","",0,"DruzPolZb.1992-06-03.s038-03.sp-260","DruzPolZb.1992-06-03.s038-03.sp-260.11",DruzPolZb.1992-06-03.s038-03.toc-item2,"","","vote","7 poslancev."
"parl.DruzPolZb","seja",38,"1992-06-03","14:43:00","15:17:00","PersakAnton1947",1,"DruzPolZb.1992-06-03.s038-03.sp-260","DruzPolZb.1992-06-03.s038-03.sp-260.12",DruzPolZb.1992-06-03.s038-03.toc-item2,"taxonomy.3.9.5.1.3","topic.409","utterance","Ugotavljam, da je amandma sprejet."
"parl.DruzPolZb","seja",38,"1992-06-03","14:43:00","15:17:00","PersakAnton1947",1,"DruzPolZb.1992-06-03.s038-03.sp-260","DruzPolZb.1992-06-03.s038-03.sp-260.13",DruzPolZb.1992-06-03.s038-03.toc-item2,"taxonomy.3.9.5.1.3","topic.409","utterance","S tem je amandma (sprašujem predlagateljico amandmaja Metko Mencin), ki je sorodne vsebine - umika? Prosim? Prav. Hvala."
"parl.DruzPolZb","seja",38,"1992-06-03","14:43:00","15:17:00","PersakAnton1947",1,"DruzPolZb.1992-06-03.s038-03.sp-260","DruzPolZb.1992-06-03.s038-03.sp-260.14",DruzPolZb.1992-06-03.s038-03.toc-item2,"taxonomy.3.9.5.1.3","topic.409","utterance","Prehajamo na amandma k 4. členu, ki ga je vložila Zakonodajno pravna komisija in ga Vlada podpira, da se besede ""s posebnimi predpisi"" nadomestijo z besedama z zakonom"
"parl.DruzPolZb","seja",38,"1992-06-03","14:43:00","15:17:00","PersakAnton1947",1,"DruzPolZb.1992-06-03.s038-03.sp-260","DruzPolZb.1992-06-03.s038-03.sp-260.15",DruzPolZb.1992-06-03.s038-03.toc-item2,"taxonomy.3.9.5.1.3","topic.409","utterance","Kdo je za?"
"parl.DruzPolZb","seja",38,"1992-06-03","14:43:00","15:17:00","",0,"DruzPolZb.1992-06-03.s038-03.sp-260","DruzPolZb.1992-06-03.s038-03.sp-260.16",DruzPolZb.1992-06-03.s038-03.toc-item2,"","","vote","32 poslancev."
"parl.DruzPolZb","seja",38,"1992-06-03","14:43:00","15:17:00","PersakAnton1947",1,"DruzPolZb.1992-06-03.s038-03.sp-260","DruzPolZb.1992-06-03.s038-03.sp-260.17",DruzPolZb.1992-06-03.s038-03.toc-item2,"taxonomy.3.9.5.1.3","topic.409","utterance","Je kdo proti?"
"parl.DruzPolZb","seja",38,"1992-06-03","14:43:00","15:17:00","",0,"DruzPolZb.1992-06-03.s038-03.sp-260","DruzPolZb.1992-06-03.s038-03.sp-260.18",DruzPolZb.1992-06-03.s038-03.toc-item2,"","","vote","3 poslanci."
"parl.DruzPolZb","seja",38,"1992-06-03","14:43:00","15:17:00","PersakAnton1947",1,"DruzPolZb.1992-06-03.s038-03.sp-260","DruzPolZb.1992-06-03.s038-03.sp-260.19",DruzPolZb.1992-06-03.s038-03.toc-item2,"taxonomy.3.9.5.1.3","topic.409","utterance","Se je kdo vzdržal?"
"parl.DruzPolZb","seja",38,"1992-06-03","14:43:00","15:17:00","",0,"DruzPolZb.1992-06-03.s038-03.sp-260","DruzPolZb.1992-06-03.s038-03.sp-260.20",DruzPolZb.1992-06-03.s038-03.toc-item2,"","","vote","2 poslanca."
"parl.DruzPolZb","seja",38,"1992-06-03","14:43:00","15:17:00","PersakAnton1947",1,"DruzPolZb.1992-06-03.s038-03.sp-260","DruzPolZb.1992-06-03.s038-03.sp-260.21",DruzPolZb.1992-06-03.s038-03.toc-item2,"taxonomy.3.9.5.1.3","topic.409","utterance","Ugotavljam, da je ta amandma sprejet."
"parl.DruzPolZb","seja",38,"1992-06-03","14:43:00","15:17:00","PersakAnton1947",1,"DruzPolZb.1992-06-03.s038-03.sp-260","DruzPolZb.1992-06-03.s038-03.sp-260.22",DruzPolZb.1992-06-03.s038-03.toc-item2,"taxonomy.3.9.5.1.3","topic.409","utterance","K 5. členu sta vložena dva amandmaja. Metka Mencin v našem zboru vlaga amandma, da se v drugem odstavku beseda ""na določeno območje"" zamenjajo z besedami ""na območju enote zavoda"". Vlada ne podpira, matični odbor ne podpira."
"parl.DruzPolZb","seja",38,"1992-06-03","14:43:00","15:17:00","PersakAnton1947",1,"DruzPolZb.1992-06-03.s038-03.sp-260","DruzPolZb.1992-06-03.s038-03.sp-260.23",DruzPolZb.1992-06-03.s038-03.toc-item2,"taxonomy.3.9.5.1.3","topic.409","utterance","Kdo je za?"
"parl.DruzPolZb","seja",38,"1992-06-03","14:43:00","15:17:00","",0,"DruzPolZb.1992-06-03.s038-03.sp-260","DruzPolZb.1992-06-03.s038-03.sp-260.24",DruzPolZb.1992-06-03.s038-03.toc-item2,"","","vote","20 poslancev."
"parl.DruzPolZb","seja",38,"1992-06-03","14:43:00","15:17:00","PersakAnton1947",1,"DruzPolZb.1992-06-03.s038-03.sp-260","DruzPolZb.1992-06-03.s038-03.sp-260.25",DruzPolZb.1992-06-03.s038-03.toc-item2,"taxonomy.3.9.5.1.3","topic.409","utterance","Je kdo proti?"
"parl.DruzPolZb","seja",38,"1992-06-03","14:43:00","15:17:00","",0,"DruzPolZb.1992-06-03.s038-03.sp-260","DruzPolZb.1992-06-03.s038-03.sp-260.26",DruzPolZb.1992-06-03.s038-03.toc-item2,"","","vote","7 poslancev."
"parl.DruzPolZb","seja",38,"1992-06-03","14:43:00","15:17:00","PersakAnton1947",1,"DruzPolZb.1992-06-03.s038-03.sp-260","DruzPolZb.1992-06-03.s038-03.sp-260.27",DruzPolZb.1992-06-03.s038-03.toc-item2,"taxonomy.3.9.5.1.3","topic.409","utterance","Se je kdo vzdržal?"
"parl.DruzPolZb","seja",38,"1992-06-03","14:43:00","15:17:00","",0,"DruzPolZb.1992-06-03.s038-03.sp-260","DruzPolZb.1992-06-03.s038-03.sp-260.28",DruzPolZb.1992-06-03.s038-03.toc-item2,"","","vote","8 poslancev."
"parl.DruzPolZb","seja",38,"1992-06-03","14:43:00","15:17:00","PersakAnton1947",1,"DruzPolZb.1992-06-03.s038-03.sp-260","DruzPolZb.1992-06-03.s038-03.sp-260.29",DruzPolZb.1992-06-03.s038-03.toc-item2,"taxonomy.3.9.5.1.3","topic.409","utterance","Ugotavljam, da amandma pri 41 navzočih ni dobil potrebne večine; 20 je za, 7 proti, 8 vzdržanih."
"parl.DruzPolZb","seja",38,"1992-06-03","14:43:00","15:17:00","PersakAnton1947",1,"DruzPolZb.1992-06-03.s038-03.sp-260","DruzPolZb.1992-06-03.s038-03.sp-260.30",DruzPolZb.1992-06-03.s038-03.toc-item2,"taxonomy.3.9.5.1.3","topic.409","utterance","Ravno tako Metka Mencin vlaga v našem zboru amandma: ""Tujec ima pravico vpogleda v evidenco iz prejšnjega odstavka."" To besedilo se doda kot nov tretji odstavek. Vlada in matični odbor amandmaja ne podpirata. Piše, da je napovedan umik amandmaja - na seji matičnega delovnega telesa. Ali to drži? Metka Mencin."
"parl.DruzPolZb","seja",38,"1992-06-03","14:43:00","15:17:00","",0,"DruzPolZb.1992-06-03.s038-03.sp-261","DruzPolZb.1992-06-03.s038-03.sp-261.1",DruzPolZb.1992-06-03.s038-03.toc-item2,"","","speaker","METKA MENCIN:"
"parl.DruzPolZb","seja",38,"1992-06-03","14:43:00","15:17:00","MencinMetka",0,"DruzPolZb.1992-06-03.s038-03.sp-261","DruzPolZb.1992-06-03.s038-03.sp-261.2",DruzPolZb.1992-06-03.s038-03.toc-item2,"taxonomy.3.9.5.1.3","topic.409","utterance","Ta amandma moramo umakniti zaradi tega, ker ni napisan tako kot bi moral biti. Intenca našega amandmaja je bila druga kot se je potem izkazalo, da jo ta rešitev prinaša, tako da ga umikamo."
"parl.DruzPolZb","seja",38,"1992-06-03","14:43:00","15:17:00","",0,"DruzPolZb.1992-06-03.s038-03.sp-262","DruzPolZb.1992-06-03.s038-03.sp-262.1",DruzPolZb.1992-06-03.s038-03.toc-item2,"","","speaker","PODPREDSEDNIK ANTON PERŠAK:"
"parl.DruzPolZb","seja",38,"1992-06-03","14:43:00","15:17:00","PersakAnton1947",1,"DruzPolZb.1992-06-03.s038-03.sp-262","DruzPolZb.1992-06-03.s038-03.sp-262.2",DruzPolZb.1992-06-03.s038-03.toc-item2,"taxonomy.3.9.5.1.3","topic.409","utterance","Hvala. Še proceduralno vprašanje."
"parl.DruzPolZb","seja",38,"1992-06-03","14:43:00","15:17:00","",0,"DruzPolZb.1992-06-03.s038-03.sp-263","DruzPolZb.1992-06-03.s038-03.sp-263.1",DruzPolZb.1992-06-03.s038-03.toc-item2,"","","speaker","PETER BEKEŠ:"
"parl.DruzPolZb","seja",38,"1992-06-03","14:43:00","15:17:00","BekesPeter1946",0,"DruzPolZb.1992-06-03.s038-03.sp-263","DruzPolZb.1992-06-03.s038-03.sp-263.2",DruzPolZb.1992-06-03.s038-03.toc-item2,"taxonomy.3.9.5.1.3","topic.409","utterance","Glede na to, da je nova Vlada pred kratkim prevzela delo me zanima odgovor na vprašanje, ali so to stališča vlade pred 15. majem ali nove Vlade?"
"parl.DruzPolZb","seja",38,"1992-06-03","14:43:00","15:17:00","",0,"DruzPolZb.1992-06-03.s038-03.sp-264","DruzPolZb.1992-06-03.s038-03.sp-264.1",DruzPolZb.1992-06-03.s038-03.toc-item2,"","","speaker","PODPREDSEDNIK ANTON PERŠAK:"
"parl.DruzPolZb","seja",38,"1992-06-03","14:43:00","15:17:00","PersakAnton1947",1,"DruzPolZb.1992-06-03.s038-03.sp-264","DruzPolZb.1992-06-03.s038-03.sp-264.2",DruzPolZb.1992-06-03.s038-03.toc-item2,"taxonomy.3.9.5.1.3","topic.409","utterance","Mi smo danes tudi slišali še stališče gospe Belopavlovič, kot predstavnice Vlade, ki potrjuje stališča, ki jih imamo pred seboj. Tako da lahko ne glede na to, katera Vlada jih je sprejela, razumemo, da so to tudi stališča te vlade. Sprašujem gospo Belopavlovič, ali to drži?"
"parl.DruzPolZb","seja",38,"1992-06-03","14:43:00","15:17:00","",0,"DruzPolZb.1992-06-03.s038-03.sp-265","DruzPolZb.1992-06-03.s038-03.sp-265.1",DruzPolZb.1992-06-03.s038-03.toc-item2,"","","speaker","NATAŠA BELOPAVLOVIČ:"
"parl.DruzPolZb","seja",38,"1992-06-03","14:43:00","15:17:00","BelopavlovicNatasa1949",0,"DruzPolZb.1992-06-03.s038-03.sp-265","DruzPolZb.1992-06-03.s038-03.sp-265.2",DruzPolZb.1992-06-03.s038-03.toc-item2,"taxonomy.3.9.5.1.3","topic.409","utterance","Če želimo biti korektni. Nova Vlada o tem zakonu ni razpravljala. Je pa razpravljala o celem paketu zadev, ki so že v Skupščini oziroma bilo je rečeno tako. Točno se izjasni, kateri zakon se umakne iz procedure, kateri se zadrži in ta zakon v tem paketu ni bil omenjen, kar pomeni, da gre lahko zakon naprej po proceduri."
"parl.DruzPolZb","seja",38,"1992-06-03","14:43:00","15:17:00","BelopavlovicNatasa1949",0,"DruzPolZb.1992-06-03.s038-03.sp-265","DruzPolZb.1992-06-03.s038-03.sp-265.3",DruzPolZb.1992-06-03.s038-03.toc-item2,"taxonomy.3.9.5.1.3","topic.409","utterance","Kar se tiče resorja, moram reči, da so naša stališča takšna kot so bila prej."
"parl.DruzPolZb","seja",38,"1992-06-03","14:43:00","15:17:00","",0,"DruzPolZb.1992-06-03.s038-03.sp-266","DruzPolZb.1992-06-03.s038-03.sp-266.1",DruzPolZb.1992-06-03.s038-03.toc-item2,"","","speaker","PODPREDSEDNIK ANTON PERŠAK:"
"parl.DruzPolZb","seja",38,"1992-06-03","14:43:00","15:17:00","PersakAnton1947",1,"DruzPolZb.1992-06-03.s038-03.sp-266","DruzPolZb.1992-06-03.s038-03.sp-266.2",DruzPolZb.1992-06-03.s038-03.toc-item2,"taxonomy.3.9.5.1.3","topic.409","utterance","Hvala gospod Bekeš, zadošča. Glede na to, da se Vladi ni zdelo potrebno, da pove še kaj posebej k temu in glede na to, da je personalna unija med prejšnjo in sedanjo Vlado na tem področju in imamo pooblastilo za gospo Belopavlovič, da predstavi stališče Vlade na današnji seji, na tej seji, pooblastilo te Vlade, lahko najbrž razumemo, da je to tudi stališče te Vlade."
"parl.DruzPolZb","seja",38,"1992-06-03","14:43:00","15:17:00","PersakAnton1947",1,"DruzPolZb.1992-06-03.s038-03.sp-266","DruzPolZb.1992-06-03.s038-03.sp-266.3",DruzPolZb.1992-06-03.s038-03.toc-item2,"taxonomy.3.9.5.1.3","topic.409","utterance","Predlagam, da nadaljujemo glasovanje."
"parl.DruzPolZb","seja",38,"1992-06-03","14:43:00","15:17:00","PersakAnton1947",1,"DruzPolZb.1992-06-03.s038-03.sp-266","DruzPolZb.1992-06-03.s038-03.sp-266.4",DruzPolZb.1992-06-03.s038-03.toc-item2,"taxonomy.3.9.5.1.3","topic.409","utterance","K 6. členu imamo vložena dva amandmaja. Oba predlaga v našem zboru Metka Mencin, in sicer, da se v drugem odstavku besedi ""enega leta"" zamenjata z besedama ""dveh let"". Število navzočih je isto. Vlada in matični odbor amandmaja ne podpirata."
"parl.DruzPolZb","seja",38,"1992-06-03","14:43:00","15:17:00","PersakAnton1947",1,"DruzPolZb.1992-06-03.s038-03.sp-266","DruzPolZb.1992-06-03.s038-03.sp-266.5",DruzPolZb.1992-06-03.s038-03.toc-item2,"taxonomy.3.9.5.1.3","topic.409","utterance","Kdo je za?"
"parl.DruzPolZb","seja",38,"1992-06-03","14:43:00","15:17:00","",0,"DruzPolZb.1992-06-03.s038-03.sp-266","DruzPolZb.1992-06-03.s038-03.sp-266.6",DruzPolZb.1992-06-03.s038-03.toc-item2,"","","vote","15 poslancev."
"parl.DruzPolZb","seja",38,"1992-06-03","14:43:00","15:17:00","PersakAnton1947",1,"DruzPolZb.1992-06-03.s038-03.sp-266","DruzPolZb.1992-06-03.s038-03.sp-266.7",DruzPolZb.1992-06-03.s038-03.toc-item2,"taxonomy.3.9.5.1.3","topic.409","utterance","Je kdo proti?"
"parl.DruzPolZb","seja",38,"1992-06-03","14:43:00","15:17:00","",0,"DruzPolZb.1992-06-03.s038-03.sp-266","DruzPolZb.1992-06-03.s038-03.sp-266.8",DruzPolZb.1992-06-03.s038-03.toc-item2,"","","vote","8 poslancev."
"parl.DruzPolZb","seja",38,"1992-06-03","14:43:00","15:17:00","PersakAnton1947",1,"DruzPolZb.1992-06-03.s038-03.sp-266","DruzPolZb.1992-06-03.s038-03.sp-266.9",DruzPolZb.1992-06-03.s038-03.toc-item2,"taxonomy.3.9.5.1.3","topic.409","utterance","Se je kdo vzdržal?"
"parl.DruzPolZb","seja",38,"1992-06-03","14:43:00","15:17:00","",0,"DruzPolZb.1992-06-03.s038-03.sp-266","DruzPolZb.1992-06-03.s038-03.sp-266.10",DruzPolZb.1992-06-03.s038-03.toc-item2,"","","vote","13 poslancev."
"parl.DruzPolZb","seja",38,"1992-06-03","14:43:00","15:17:00","PersakAnton1947",1,"DruzPolZb.1992-06-03.s038-03.sp-266","DruzPolZb.1992-06-03.s038-03.sp-266.11",DruzPolZb.1992-06-03.s038-03.toc-item2,"taxonomy.3.9.5.1.3","topic.409","utterance","Ugotavljam, da amandma ni sprejet."
"parl.DruzPolZb","seja",38,"1992-06-03","14:43:00","15:17:00","PersakAnton1947",1,"DruzPolZb.1992-06-03.s038-03.sp-266","DruzPolZb.1992-06-03.s038-03.sp-266.12",DruzPolZb.1992-06-03.s038-03.toc-item2,"taxonomy.3.9.5.1.3","topic.409","utterance","V drugem amandmaju Metka Mencin predlaga isto, da se v tretjem odstavku besedi ""enega leta"" zamenjata z besedama ""dveh let"". Vlada in matični odbor amandmaja ne podpirata."
"parl.DruzPolZb","seja",38,"1992-06-03","14:43:00","15:17:00","PersakAnton1947",1,"DruzPolZb.1992-06-03.s038-03.sp-266","DruzPolZb.1992-06-03.s038-03.sp-266.13",DruzPolZb.1992-06-03.s038-03.toc-item2,"taxonomy.3.9.5.1.3","topic.409","utterance","Kdo je za?"
"parl.DruzPolZb","seja",38,"1992-06-03","14:43:00","15:17:00","",0,"DruzPolZb.1992-06-03.s038-03.sp-266","DruzPolZb.1992-06-03.s038-03.sp-266.14",DruzPolZb.1992-06-03.s038-03.toc-item2,"","","vote","15 poslancev."
"parl.DruzPolZb","seja",38,"1992-06-03","14:43:00","15:17:00","PersakAnton1947",1,"DruzPolZb.1992-06-03.s038-03.sp-266","DruzPolZb.1992-06-03.s038-03.sp-266.15",DruzPolZb.1992-06-03.s038-03.toc-item2,"taxonomy.3.9.5.1.3","topic.409","utterance","Je kdo proti?"
"parl.DruzPolZb","seja",38,"1992-06-03","14:43:00","15:17:00","",0,"DruzPolZb.1992-06-03.s038-03.sp-266","DruzPolZb.1992-06-03.s038-03.sp-266.16",DruzPolZb.1992-06-03.s038-03.toc-item2,"","","vote","3 poslanci."
"parl.DruzPolZb","seja",38,"1992-06-03","14:43:00","15:17:00","PersakAnton1947",1,"DruzPolZb.1992-06-03.s038-03.sp-266","DruzPolZb.1992-06-03.s038-03.sp-266.17",DruzPolZb.1992-06-03.s038-03.toc-item2,"taxonomy.3.9.5.1.3","topic.409","utterance","Se je kdo vzdržal?"
"parl.DruzPolZb","seja",38,"1992-06-03","14:43:00","15:17:00","",0,"DruzPolZb.1992-06-03.s038-03.sp-266","DruzPolZb.1992-06-03.s038-03.sp-266.18",DruzPolZb.1992-06-03.s038-03.toc-item2,"","","vote","18 poslancev."
"parl.DruzPolZb","seja",38,"1992-06-03","14:43:00","15:17:00","PersakAnton1947",1,"DruzPolZb.1992-06-03.s038-03.sp-266","DruzPolZb.1992-06-03.s038-03.sp-266.19",DruzPolZb.1992-06-03.s038-03.toc-item2,"taxonomy.3.9.5.1.3","topic.409","utterance","Ugotavljam, da amandma ni sprejet."
"parl.DruzPolZb","seja",38,"1992-06-03","14:43:00","15:17:00","PersakAnton1947",1,"DruzPolZb.1992-06-03.s038-03.sp-266","DruzPolZb.1992-06-03.s038-03.sp-266.20",DruzPolZb.1992-06-03.s038-03.toc-item2,"taxonomy.3.9.5.1.3","topic.409","utterance","Amandma k 8. členu. Metka Mencin predlaga. Sprašujem, ker je ta amandma povezan s prejšnjima dvema, ali vztraja pri tem amandmaju? Vztraja. Hoče da se glasuje. Amandma pravi, da se 8. člen črta. Vlada predloga ne podpira. Metka Mencin bo obrazložila svoj glas."
"parl.DruzPolZb","seja",38,"1992-06-03","14:43:00","15:17:00","",0,"DruzPolZb.1992-06-03.s038-03.sp-267","DruzPolZb.1992-06-03.s038-03.sp-267.1",DruzPolZb.1992-06-03.s038-03.toc-item2,"","","speaker","METKA MENCIN:"
"parl.DruzPolZb","seja",38,"1992-06-03","14:43:00","15:17:00","MencinMetka",0,"DruzPolZb.1992-06-03.s038-03.sp-267","DruzPolZb.1992-06-03.s038-03.sp-267.2",DruzPolZb.1992-06-03.s038-03.toc-item2,"taxonomy.3.9.5.1.3","topic.409","utterance","Glasovala bom za, ker je ta amandma oziroma glasovanje za ta amandma logična posledica izglasovanja amandmaja gospoda Tomšiča."
"parl.DruzPolZb","seja",38,"1992-06-03","14:43:00","15:17:00","",0,"DruzPolZb.1992-06-03.s038-03.sp-268","DruzPolZb.1992-06-03.s038-03.sp-268.1",DruzPolZb.1992-06-03.s038-03.toc-item2,"","","speaker","PODPREDSEDNIK ANTON PERŠAK:"
"parl.DruzPolZb","seja",38,"1992-06-03","14:43:00","15:17:00","PersakAnton1947",1,"DruzPolZb.1992-06-03.s038-03.sp-268","DruzPolZb.1992-06-03.s038-03.sp-268.2",DruzPolZb.1992-06-03.s038-03.toc-item2,"taxonomy.3.9.5.1.3","topic.409","utterance","Hvala. Kdo je za?"
"parl.DruzPolZb","seja",38,"1992-06-03","14:43:00","15:17:00","",0,"DruzPolZb.1992-06-03.s038-03.sp-268","DruzPolZb.1992-06-03.s038-03.sp-268.3",DruzPolZb.1992-06-03.s038-03.toc-item2,"","","vote","22 poslancev."
"parl.DruzPolZb","seja",38,"1992-06-03","14:43:00","15:17:00","PersakAnton1947",1,"DruzPolZb.1992-06-03.s038-03.sp-268","DruzPolZb.1992-06-03.s038-03.sp-268.4",DruzPolZb.1992-06-03.s038-03.toc-item2,"taxonomy.3.9.5.1.3","topic.409","utterance","Je kdo proti?"
"parl.DruzPolZb","seja",38,"1992-06-03","14:43:00","15:17:00","",0,"DruzPolZb.1992-06-03.s038-03.sp-268","DruzPolZb.1992-06-03.s038-03.sp-268.5",DruzPolZb.1992-06-03.s038-03.toc-item2,"","","vote","6 poslancev."
"parl.DruzPolZb","seja",38,"1992-06-03","14:43:00","15:17:00","PersakAnton1947",1,"DruzPolZb.1992-06-03.s038-03.sp-268","DruzPolZb.1992-06-03.s038-03.sp-268.6",DruzPolZb.1992-06-03.s038-03.toc-item2,"taxonomy.3.9.5.1.3","topic.409","utterance","Se je kdo vzdržal?"
"parl.DruzPolZb","seja",38,"1992-06-03","14:43:00","15:17:00","",0,"DruzPolZb.1992-06-03.s038-03.sp-268","DruzPolZb.1992-06-03.s038-03.sp-268.7",DruzPolZb.1992-06-03.s038-03.toc-item2,"","","vote","11 poslancev."
"parl.DruzPolZb","seja",38,"1992-06-03","14:43:00","15:17:00","PersakAnton1947",1,"DruzPolZb.1992-06-03.s038-03.sp-268","DruzPolZb.1992-06-03.s038-03.sp-268.8",DruzPolZb.1992-06-03.s038-03.toc-item2,"taxonomy.3.9.5.1.3","topic.409","utterance","Ugotavljam, da je amandma sprejet."
"parl.DruzPolZb","seja",38,"1992-06-03","14:43:00","15:17:00","PersakAnton1947",1,"DruzPolZb.1992-06-03.s038-03.sp-268","DruzPolZb.1992-06-03.s038-03.sp-268.9",DruzPolZb.1992-06-03.s038-03.toc-item2,"taxonomy.3.9.5.1.3","topic.409","utterance","Sedaj je amandma, ki je označen kot alternativni amandma. Če ne bi bil sprejet amandma k 2. členu, se pravi, da predlagateljica Metka Mencin vztraja pri amandmaju, ker ta ni bil sprejet, bil je Tomšičev, ne pa njihov. Ni treba glasovati o tem? Hvala."
"parl.DruzPolZb","seja",38,"1992-06-03","14:43:00","15:17:00","PersakAnton1947",1,"DruzPolZb.1992-06-03.s038-03.sp-268","DruzPolZb.1992-06-03.s038-03.sp-268.10",DruzPolZb.1992-06-03.s038-03.toc-item2,"taxonomy.3.9.5.1.3","topic.409","utterance","Gospod Kociper predlaga, da se v členu številka ""10"" nadomesti s številko ""16"". Vlada in matični odbor amandmaja ne podpirata."
"parl.DruzPolZb","seja",38,"1992-06-03","14:43:00","15:17:00","PersakAnton1947",1,"DruzPolZb.1992-06-03.s038-03.sp-268","DruzPolZb.1992-06-03.s038-03.sp-268.11",DruzPolZb.1992-06-03.s038-03.toc-item2,"taxonomy.3.9.5.1.3","topic.409","utterance","Kdo je za?"
"parl.DruzPolZb","seja",38,"1992-06-03","14:43:00","15:17:00","",0,"DruzPolZb.1992-06-03.s038-03.sp-268","DruzPolZb.1992-06-03.s038-03.sp-268.12",DruzPolZb.1992-06-03.s038-03.toc-item2,"","","vote","13 poslancev."
"parl.DruzPolZb","seja",38,"1992-06-03","14:43:00","15:17:00","PersakAnton1947",1,"DruzPolZb.1992-06-03.s038-03.sp-268","DruzPolZb.1992-06-03.s038-03.sp-268.13",DruzPolZb.1992-06-03.s038-03.toc-item2,"taxonomy.3.9.5.1.3","topic.409","utterance","Je kdo proti?"
"parl.DruzPolZb","seja",38,"1992-06-03","14:43:00","15:17:00","",0,"DruzPolZb.1992-06-03.s038-03.sp-268","DruzPolZb.1992-06-03.s038-03.sp-268.14",DruzPolZb.1992-06-03.s038-03.toc-item2,"","","vote","11 poslancev."
"parl.DruzPolZb","seja",38,"1992-06-03","14:43:00","15:17:00","PersakAnton1947",1,"DruzPolZb.1992-06-03.s038-03.sp-268","DruzPolZb.1992-06-03.s038-03.sp-268.15",DruzPolZb.1992-06-03.s038-03.toc-item2,"taxonomy.3.9.5.1.3","topic.409","utterance","Se je kdo vzdržal?"
"parl.DruzPolZb","seja",38,"1992-06-03","14:43:00","15:17:00","",0,"DruzPolZb.1992-06-03.s038-03.sp-268","DruzPolZb.1992-06-03.s038-03.sp-268.16",DruzPolZb.1992-06-03.s038-03.toc-item2,"","","vote","12 poslancev."
"parl.DruzPolZb","seja",38,"1992-06-03","14:43:00","15:17:00","PersakAnton1947",1,"DruzPolZb.1992-06-03.s038-03.sp-268","DruzPolZb.1992-06-03.s038-03.sp-268.17",DruzPolZb.1992-06-03.s038-03.toc-item2,"taxonomy.3.9.5.1.3","topic.409","utterance","Ugotavljam, da amandma ni sprejet."
"parl.DruzPolZb","seja",38,"1992-06-03","14:43:00","15:17:00","PersakAnton1947",1,"DruzPolZb.1992-06-03.s038-03.sp-268","DruzPolZb.1992-06-03.s038-03.sp-268.18",DruzPolZb.1992-06-03.s038-03.toc-item2,"taxonomy.3.9.5.1.3","topic.409","utterance","K 9. členu je Zakonodajno-pravna komisija predložila amandma, da se v prvem in drugem odstavku črtata besedi ""pravosodje in"". Vlada in matični odbor amandma podpirata."
"parl.DruzPolZb","seja",38,"1992-06-03","14:43:00","15:17:00","PersakAnton1947",1,"DruzPolZb.1992-06-03.s038-03.sp-268","DruzPolZb.1992-06-03.s038-03.sp-268.19",DruzPolZb.1992-06-03.s038-03.toc-item2,"taxonomy.3.9.5.1.3","topic.409","utterance","Kdo je za?"
"parl.DruzPolZb","seja",38,"1992-06-03","14:43:00","15:17:00","",0,"DruzPolZb.1992-06-03.s038-03.sp-268","DruzPolZb.1992-06-03.s038-03.sp-268.20",DruzPolZb.1992-06-03.s038-03.toc-item2,"","","vote","14 poslancev."
"parl.DruzPolZb","seja",38,"1992-06-03","14:43:00","15:17:00","PersakAnton1947",1,"DruzPolZb.1992-06-03.s038-03.sp-268","DruzPolZb.1992-06-03.s038-03.sp-268.21",DruzPolZb.1992-06-03.s038-03.toc-item2,"taxonomy.3.9.5.1.3","topic.409","utterance","Je kdo proti?"
"parl.DruzPolZb","seja",38,"1992-06-03","14:43:00","15:17:00","",0,"DruzPolZb.1992-06-03.s038-03.sp-268","DruzPolZb.1992-06-03.s038-03.sp-268.22",DruzPolZb.1992-06-03.s038-03.toc-item2,"","","vote","2 poslanca."
"parl.DruzPolZb","seja",38,"1992-06-03","14:43:00","15:17:00","PersakAnton1947",1,"DruzPolZb.1992-06-03.s038-03.sp-268","DruzPolZb.1992-06-03.s038-03.sp-268.23",DruzPolZb.1992-06-03.s038-03.toc-item2,"taxonomy.3.9.5.1.3","topic.409","utterance","Se je kdo vzdržal?"
"parl.DruzPolZb","seja",38,"1992-06-03","14:43:00","15:17:00","",0,"DruzPolZb.1992-06-03.s038-03.sp-268","DruzPolZb.1992-06-03.s038-03.sp-268.24",DruzPolZb.1992-06-03.s038-03.toc-item2,"","","vote","15 poslancev."
"parl.DruzPolZb","seja",38,"1992-06-03","14:43:00","15:17:00","PersakAnton1947",1,"DruzPolZb.1992-06-03.s038-03.sp-268","DruzPolZb.1992-06-03.s038-03.sp-268.25",DruzPolZb.1992-06-03.s038-03.toc-item2,"taxonomy.3.9.5.1.3","topic.409","utterance","Ugotavljam, da amandma ni sprejet."
"parl.DruzPolZb","seja",38,"1992-06-03","14:43:00","15:17:00","PersakAnton1947",1,"DruzPolZb.1992-06-03.s038-03.sp-268","DruzPolZb.1992-06-03.s038-03.sp-268.26",DruzPolZb.1992-06-03.s038-03.toc-item2,"taxonomy.3.9.5.1.3","topic.409","utterance","Bojim se, da glasovanje ni bilo regularno, ker nismo več sklepčni. Prosim, preverimo navzočnost!"
"parl.DruzPolZb","seja",38,"1992-06-03","14:43:00","15:17:00","",0,"DruzPolZb.1992-06-03.s038-03.sp-268","DruzPolZb.1992-06-03.s038-03.sp-268.27",DruzPolZb.1992-06-03.s038-03.toc-item2,"","","quorum","37 prisotnih."
"parl.DruzPolZb","seja",38,"1992-06-03","14:43:00","15:17:00","PersakAnton1947",1,"DruzPolZb.1992-06-03.s038-03.sp-268","DruzPolZb.1992-06-03.s038-03.sp-268.28",DruzPolZb.1992-06-03.s038-03.toc-item2,"taxonomy.3.9.5.1.3","topic.409","utterance","Po moji evidenci sta šla ven samo dva poslanca. Prej nas je bilo 41. Zadnje glasovanje o amandmaju Zakonodajno-pravne komisije bomo ponovili."
"parl.DruzPolZb","seja",38,"1992-06-03","14:43:00","15:17:00","PersakAnton1947",1,"DruzPolZb.1992-06-03.s038-03.sp-268","DruzPolZb.1992-06-03.s038-03.sp-268.29",DruzPolZb.1992-06-03.s038-03.toc-item2,"taxonomy.3.9.5.1.3","topic.409","utterance","Dva poslanca sta prišla. Preverjamo navzočnost! Vse navzoče poslance prosim, da potrdite svojo navzočnost! Smo vsi? 40 navzočih poslancev. Ali je kdo pozabil pritisniti na gumb? 41 nas je v dvorani po štetju. Vseeno prosim še enkrat, da potrdite svojo navzočnost!"
"parl.DruzPolZb","seja",38,"1992-06-03","14:43:00","15:17:00","",0,"DruzPolZb.1992-06-03.s038-03.sp-268","DruzPolZb.1992-06-03.s038-03.sp-268.30",DruzPolZb.1992-06-03.s038-03.toc-item2,"","","quorum","41 prisotnih."
"parl.DruzPolZb","seja",38,"1992-06-03","14:43:00","15:17:00","PersakAnton1947",1,"DruzPolZb.1992-06-03.s038-03.sp-268","DruzPolZb.1992-06-03.s038-03.sp-268.31",DruzPolZb.1992-06-03.s038-03.toc-item2,"taxonomy.3.9.5.1.3","topic.409","utterance","Še enkrat glasujemo o amandmaju Zakonodajno-pravne komisije, ker pri prejšnjem glasovanju nismo bili sklepčni. Gre za črtanje dveh besed ""pravosodje in"" v prvem in drugem odstavku 9. člena. Vlada in matični odbor amandma podpirata."
"parl.DruzPolZb","seja",38,"1992-06-03","14:43:00","15:17:00","PersakAnton1947",1,"DruzPolZb.1992-06-03.s038-03.sp-268","DruzPolZb.1992-06-03.s038-03.sp-268.32",DruzPolZb.1992-06-03.s038-03.toc-item2,"taxonomy.3.9.5.1.3","topic.409","utterance","Kdo je za?"
"parl.DruzPolZb","seja",38,"1992-06-03","14:43:00","15:17:00","",0,"DruzPolZb.1992-06-03.s038-03.sp-268","DruzPolZb.1992-06-03.s038-03.sp-268.33",DruzPolZb.1992-06-03.s038-03.toc-item2,"","","vote","40 poslancev."
"parl.DruzPolZb","seja",38,"1992-06-03","14:43:00","15:17:00","PersakAnton1947",1,"DruzPolZb.1992-06-03.s038-03.sp-268","DruzPolZb.1992-06-03.s038-03.sp-268.34",DruzPolZb.1992-06-03.s038-03.toc-item2,"taxonomy.3.9.5.1.3","topic.409","utterance","Je kdo proti?"
"parl.DruzPolZb","seja",38,"1992-06-03","14:43:00","15:17:00","",0,"DruzPolZb.1992-06-03.s038-03.sp-268","DruzPolZb.1992-06-03.s038-03.sp-268.35",DruzPolZb.1992-06-03.s038-03.toc-item2,"","","vote","Nihče."
"parl.DruzPolZb","seja",38,"1992-06-03","14:43:00","15:17:00","PersakAnton1947",1,"DruzPolZb.1992-06-03.s038-03.sp-268","DruzPolZb.1992-06-03.s038-03.sp-268.36",DruzPolZb.1992-06-03.s038-03.toc-item2,"taxonomy.3.9.5.1.3","topic.409","utterance","Se je kdo vzdržal?"
"parl.DruzPolZb","seja",38,"1992-06-03","14:43:00","15:17:00","",0,"DruzPolZb.1992-06-03.s038-03.sp-268","DruzPolZb.1992-06-03.s038-03.sp-268.37",DruzPolZb.1992-06-03.s038-03.toc-item2,"","","vote","Nihče."
"parl.DruzPolZb","seja",38,"1992-06-03","14:43:00","15:17:00","PersakAnton1947",1,"DruzPolZb.1992-06-03.s038-03.sp-268","DruzPolZb.1992-06-03.s038-03.sp-268.38",DruzPolZb.1992-06-03.s038-03.toc-item2,"taxonomy.3.9.5.1.3","topic.409","utterance","Ugotavljam, da je amandma soglasno, s 40 glasovi za, sprejet in enim pasivno vzdržanim glasom."
"parl.DruzPolZb","seja",38,"1992-06-03","14:43:00","15:17:00","PersakAnton1947",1,"DruzPolZb.1992-06-03.s038-03.sp-268","DruzPolZb.1992-06-03.s038-03.sp-268.39",DruzPolZb.1992-06-03.s038-03.toc-item2,"taxonomy.3.9.5.1.3","topic.409","utterance","K 11. členu je vložen amandma Zakonodajno-pravne komisije, ki je redakcijske narave. V prvem odstavku se besede ""s posebnimi predpisi"" nadomestijo z besedama ""zakonom"". Vlada in matični odbor amandma podpirata."
"parl.DruzPolZb","seja",38,"1992-06-03","14:43:00","15:17:00","PersakAnton1947",1,"DruzPolZb.1992-06-03.s038-03.sp-268","DruzPolZb.1992-06-03.s038-03.sp-268.40",DruzPolZb.1992-06-03.s038-03.toc-item2,"taxonomy.3.9.5.1.3","topic.409","utterance","Kdo je za?"
"parl.DruzPolZb","seja",38,"1992-06-03","14:43:00","15:17:00","",0,"DruzPolZb.1992-06-03.s038-03.sp-268","DruzPolZb.1992-06-03.s038-03.sp-268.41",DruzPolZb.1992-06-03.s038-03.toc-item2,"","","vote","40 poslancev."
"parl.DruzPolZb","seja",38,"1992-06-03","14:43:00","15:17:00","PersakAnton1947",1,"DruzPolZb.1992-06-03.s038-03.sp-268","DruzPolZb.1992-06-03.s038-03.sp-268.42",DruzPolZb.1992-06-03.s038-03.toc-item2,"taxonomy.3.9.5.1.3","topic.409","utterance","Je kdo proti?"
"parl.DruzPolZb","seja",38,"1992-06-03","14:43:00","15:17:00","",0,"DruzPolZb.1992-06-03.s038-03.sp-268","DruzPolZb.1992-06-03.s038-03.sp-268.43",DruzPolZb.1992-06-03.s038-03.toc-item2,"","","vote","Nihče."
"parl.DruzPolZb","seja",38,"1992-06-03","14:43:00","15:17:00","PersakAnton1947",1,"DruzPolZb.1992-06-03.s038-03.sp-268","DruzPolZb.1992-06-03.s038-03.sp-268.44",DruzPolZb.1992-06-03.s038-03.toc-item2,"taxonomy.3.9.5.1.3","topic.409","utterance","Se je kdo vzdržal?"
"parl.DruzPolZb","seja",38,"1992-06-03","14:43:00","15:17:00","",0,"DruzPolZb.1992-06-03.s038-03.sp-268","DruzPolZb.1992-06-03.s038-03.sp-268.45",DruzPolZb.1992-06-03.s038-03.toc-item2,"","","vote","Nihče."
"parl.DruzPolZb","seja",38,"1992-06-03","14:43:00","15:17:00","PersakAnton1947",1,"DruzPolZb.1992-06-03.s038-03.sp-268","DruzPolZb.1992-06-03.s038-03.sp-268.46",DruzPolZb.1992-06-03.s038-03.toc-item2,"taxonomy.3.9.5.1.3","topic.409","utterance","Ugotavljam, da je amandma soglasno sprejet."
"parl.DruzPolZb","seja",38,"1992-06-03","14:43:00","15:17:00","PersakAnton1947",1,"DruzPolZb.1992-06-03.s038-03.sp-268","DruzPolZb.1992-06-03.s038-03.sp-268.47",DruzPolZb.1992-06-03.s038-03.toc-item2,"taxonomy.3.9.5.1.3","topic.409","utterance","K 15. členu sta vložena dva amandmaja Metke Mencin. Na koncu prvega odstavka se pika spremeni v vejico in stavek nadaljuje z besedilom ""razen v primeru iz tretje alinee prvega odstavka 14. člena, ko znaša ta čas eno leto."" To je prvi amandma. Vlada in matični odbor amandma podpirata."
"parl.DruzPolZb","seja",38,"1992-06-03","14:43:00","15:17:00","PersakAnton1947",1,"DruzPolZb.1992-06-03.s038-03.sp-268","DruzPolZb.1992-06-03.s038-03.sp-268.48",DruzPolZb.1992-06-03.s038-03.toc-item2,"taxonomy.3.9.5.1.3","topic.409","utterance","Kdo je za?"
"parl.DruzPolZb","seja",38,"1992-06-03","14:43:00","15:17:00","",0,"DruzPolZb.1992-06-03.s038-03.sp-268","DruzPolZb.1992-06-03.s038-03.sp-268.49",DruzPolZb.1992-06-03.s038-03.toc-item2,"","","vote","33 poslancev."
"parl.DruzPolZb","seja",38,"1992-06-03","14:43:00","15:17:00","PersakAnton1947",1,"DruzPolZb.1992-06-03.s038-03.sp-268","DruzPolZb.1992-06-03.s038-03.sp-268.50",DruzPolZb.1992-06-03.s038-03.toc-item2,"taxonomy.3.9.5.1.3","topic.409","utterance","Je kdo proti?"
"parl.DruzPolZb","seja",38,"1992-06-03","14:43:00","15:17:00","",0,"DruzPolZb.1992-06-03.s038-03.sp-268","DruzPolZb.1992-06-03.s038-03.sp-268.51",DruzPolZb.1992-06-03.s038-03.toc-item2,"","","vote","2 poslanca."
"parl.DruzPolZb","seja",38,"1992-06-03","14:43:00","15:17:00","PersakAnton1947",1,"DruzPolZb.1992-06-03.s038-03.sp-268","DruzPolZb.1992-06-03.s038-03.sp-268.52",DruzPolZb.1992-06-03.s038-03.toc-item2,"taxonomy.3.9.5.1.3","topic.409","utterance","Se je kdo vzdržal?"
"parl.DruzPolZb","seja",38,"1992-06-03","14:43:00","15:17:00","",0,"DruzPolZb.1992-06-03.s038-03.sp-268","DruzPolZb.1992-06-03.s038-03.sp-268.53",DruzPolZb.1992-06-03.s038-03.toc-item2,"","","vote","4 poslanci."
"parl.DruzPolZb","seja",38,"1992-06-03","14:43:00","15:17:00","PersakAnton1947",1,"DruzPolZb.1992-06-03.s038-03.sp-268","DruzPolZb.1992-06-03.s038-03.sp-268.54",DruzPolZb.1992-06-03.s038-03.toc-item2,"taxonomy.3.9.5.1.3","topic.409","utterance","Ugotavljam, da je amandma sprejet."
"parl.DruzPolZb","seja",38,"1992-06-03","14:43:00","15:17:00","PersakAnton1947",1,"DruzPolZb.1992-06-03.s038-03.sp-268","DruzPolZb.1992-06-03.s038-03.sp-268.55",DruzPolZb.1992-06-03.s038-03.toc-item2,"taxonomy.3.9.5.1.3","topic.409","utterance","Drugi amandma pravi, da se drugi odstavek črta. Vlada in matični odbor podpirata amandma. Predlagateljica je ista."
"parl.DruzPolZb","seja",38,"1992-06-03","14:43:00","15:17:00","PersakAnton1947",1,"DruzPolZb.1992-06-03.s038-03.sp-268","DruzPolZb.1992-06-03.s038-03.sp-268.56",DruzPolZb.1992-06-03.s038-03.toc-item2,"taxonomy.3.9.5.1.3","topic.409","utterance","Kdo je za?"
"parl.DruzPolZb","seja",38,"1992-06-03","14:43:00","15:17:00","",0,"DruzPolZb.1992-06-03.s038-03.sp-268","DruzPolZb.1992-06-03.s038-03.sp-268.57",DruzPolZb.1992-06-03.s038-03.toc-item2,"","","vote","29 poslancev."
"parl.DruzPolZb","seja",38,"1992-06-03","14:43:00","15:17:00","PersakAnton1947",1,"DruzPolZb.1992-06-03.s038-03.sp-268","DruzPolZb.1992-06-03.s038-03.sp-268.58",DruzPolZb.1992-06-03.s038-03.toc-item2,"taxonomy.3.9.5.1.3","topic.409","utterance","Je kdo proti?"
"parl.DruzPolZb","seja",38,"1992-06-03","14:43:00","15:17:00","",0,"DruzPolZb.1992-06-03.s038-03.sp-268","DruzPolZb.1992-06-03.s038-03.sp-268.59",DruzPolZb.1992-06-03.s038-03.toc-item2,"","","vote","2 poslanca."
"parl.DruzPolZb","seja",38,"1992-06-03","14:43:00","15:17:00","PersakAnton1947",1,"DruzPolZb.1992-06-03.s038-03.sp-268","DruzPolZb.1992-06-03.s038-03.sp-268.60",DruzPolZb.1992-06-03.s038-03.toc-item2,"taxonomy.3.9.5.1.3","topic.409","utterance","Se je kdo vzdržal?"
"parl.DruzPolZb","seja",38,"1992-06-03","14:43:00","15:17:00","",0,"DruzPolZb.1992-06-03.s038-03.sp-268","DruzPolZb.1992-06-03.s038-03.sp-268.61",DruzPolZb.1992-06-03.s038-03.toc-item2,"","","vote","5 poslancev."
"parl.DruzPolZb","seja",38,"1992-06-03","14:43:00","15:17:00","PersakAnton1947",1,"DruzPolZb.1992-06-03.s038-03.sp-268","DruzPolZb.1992-06-03.s038-03.sp-268.62",DruzPolZb.1992-06-03.s038-03.toc-item2,"taxonomy.3.9.5.1.3","topic.409","utterance","Ugotavljam, da je amandma sprejet."
"parl.DruzPolZb","seja",38,"1992-06-03","14:43:00","15:17:00","PersakAnton1947",1,"DruzPolZb.1992-06-03.s038-03.sp-268","DruzPolZb.1992-06-03.s038-03.sp-268.63",DruzPolZb.1992-06-03.s038-03.toc-item2,"taxonomy.3.9.5.1.3","topic.409","utterance","Pri amandmaju k 18. členu, ki ga je vložila Metka Mencin, je opomba, da je napovedan umik. Sprašujem predlagateljico ali umika amandma?"
"parl.DruzPolZb","seja",38,"1992-06-03","14:43:00","15:17:00","",0,"DruzPolZb.1992-06-03.s038-03.sp-269","DruzPolZb.1992-06-03.s038-03.sp-269.1",DruzPolZb.1992-06-03.s038-03.toc-item2,"","","speaker","METKA MENCIN:"
"parl.DruzPolZb","seja",38,"1992-06-03","14:43:00","15:17:00","MencinMetka",0,"DruzPolZb.1992-06-03.s038-03.sp-269","DruzPolZb.1992-06-03.s038-03.sp-269.2",DruzPolZb.1992-06-03.s038-03.toc-item2,"taxonomy.3.9.5.1.3","topic.409","utterance","V poročilu matičnega odbora je tudi predlog amandmaja na ta amandma. Kljub temu, da so bili ti amandmaji vloženi devet dni pred razpravo v zboru, smo obrazložitve Vlade dobili šele po razpravi. Šele po tej razpravi - po poslovniku je, žal, samo do konca razprave možno vlagati amandmaje - je bila seja matičnega odbora, kjer smo s predstavnico Vlade razčiščevali te sporne zadeve. Takrat sem zaradi tega, ker je ta amandma k 18. členu nepopoln, predlagala amandma na amandma. Tako da bi se ta amandma dopolnil, tako da bi se glasil: ""Tujec ima pravico do vpogleda v podatke, ki jih o njem vodi evidenca iz prejšnjega odstavka."" Tako bi bili vsi nesporazumi rešeni. Če bi ne glede na to, da v poslovniku piše tako kot piše, bili pripravljeni glasovati o tem amandmaju na amandma, bi umaknila ta osnovni amandma, če pa o tem ne bomo glasovali, pa vendarle vztrajam pri zahtevi, da se o tem amandmaju glasuje. Hvala."
"parl.DruzPolZb","seja",38,"1992-06-03","14:43:00","15:17:00","",0,"DruzPolZb.1992-06-03.s038-03.sp-270","DruzPolZb.1992-06-03.s038-03.sp-270.1",DruzPolZb.1992-06-03.s038-03.toc-item2,"","","speaker","PODPREDSEDNIK ANTON PERŠAK:"
"parl.DruzPolZb","seja",38,"1992-06-03","14:43:00","15:17:00","PersakAnton1947",1,"DruzPolZb.1992-06-03.s038-03.sp-270","DruzPolZb.1992-06-03.s038-03.sp-270.2",DruzPolZb.1992-06-03.s038-03.toc-item2,"taxonomy.3.9.5.1.3","topic.409","utterance","Tega amandmaja nimamo; to je prvo. Drugo je to, da je zraven še razlaga Zakonodajno-pravne komisije, da je amandma nepotreben, ker so ta vprašanja že urejena v zakonu o varstvu osebnih podatkov in gre v bistvu za neko podvajanje. Zakon že ureja to vprašanje. Prosim, gospa Sonja Lokar bo razložila svoj glas."
"parl.DruzPolZb","seja",38,"1992-06-03","14:43:00","15:17:00","",0,"DruzPolZb.1992-06-03.s038-03.sp-271","DruzPolZb.1992-06-03.s038-03.sp-271.1",DruzPolZb.1992-06-03.s038-03.toc-item2,"","","speaker","SONJA LOKAR:"
"parl.DruzPolZb","seja",38,"1992-06-03","14:43:00","15:17:00","LokarSonja1948",0,"DruzPolZb.1992-06-03.s038-03.sp-271","DruzPolZb.1992-06-03.s038-03.sp-271.2",DruzPolZb.1992-06-03.s038-03.toc-item2,"taxonomy.3.9.5.1.3","topic.409","utterance","Rada bi rekla, da mi je žal, ker pri odboru nismo tako natančno zapisali stališča, da bi bil danes pisno prisoten ta amandma na amandma. Trditev, da je to zapisano v drugem zakonu, mogoče v tem primeru ni tako važno, ampak bi bilo dobro to ponoviti, ker bo šlo za ljudi, ki se bodo težko borili za svoje pravice in jim bo težko dokazovati in iskati po drugih zakonih, kje imajo možnost do vpogleda v svoje lastne podatke o evidenci in do sprememb, ki bi lahko vplivale na spremembo stališča do njihovega dovoljenja za zaposlovanje. Hvala. Mislim, da je amandma na amandma treba podpreti."
"parl.DruzPolZb","seja",38,"1992-06-03","14:43:00","15:17:00","",0,"DruzPolZb.1992-06-03.s038-03.sp-272","DruzPolZb.1992-06-03.s038-03.sp-272.1",DruzPolZb.1992-06-03.s038-03.toc-item2,"","","speaker","PODPREDSEDNIK ANTON PERŠAK:"
"parl.DruzPolZb","seja",38,"1992-06-03","14:43:00","15:17:00","PersakAnton1947",1,"DruzPolZb.1992-06-03.s038-03.sp-272","DruzPolZb.1992-06-03.s038-03.sp-272.2",DruzPolZb.1992-06-03.s038-03.toc-item2,"taxonomy.3.9.5.1.3","topic.409","utterance","Tu se moram držati poslovnika. Tega amandmaja nimamo. Glede na to, da so ta stališča takšna kot so, predlagam, da glasujemo o tem osnovnem amandmaju kot je dan in če bo izglasovan, bo proces usklajevanja in se bo to uredilo. Ne morem dati na glasovanje nečesa, česar ni. Prosim najprej, da ugotovimo navzočnost. Vse navzoče poslance prosim, da se evidentirajo!"
"parl.DruzPolZb","seja",38,"1992-06-03","14:43:00","15:17:00","",0,"DruzPolZb.1992-06-03.s038-03.sp-272","DruzPolZb.1992-06-03.s038-03.sp-272.3",DruzPolZb.1992-06-03.s038-03.toc-item2,"","","quorum","41 prisotnih."
"parl.DruzPolZb","seja",38,"1992-06-03","14:43:00","15:17:00","PersakAnton1947",1,"DruzPolZb.1992-06-03.s038-03.sp-272","DruzPolZb.1992-06-03.s038-03.sp-272.4",DruzPolZb.1992-06-03.s038-03.toc-item2,"taxonomy.3.9.5.1.3","topic.409","utterance","Kdo je za amandma, tak kot je bil prebran in ga imate v pregledu na 5. strani spodaj!"
"parl.DruzPolZb","seja",38,"1992-06-03","14:43:00","15:17:00","",0,"DruzPolZb.1992-06-03.s038-03.sp-272","DruzPolZb.1992-06-03.s038-03.sp-272.5",DruzPolZb.1992-06-03.s038-03.toc-item2,"","","vote","19 poslancev."
"parl.DruzPolZb","seja",38,"1992-06-03","14:43:00","15:17:00","PersakAnton1947",1,"DruzPolZb.1992-06-03.s038-03.sp-272","DruzPolZb.1992-06-03.s038-03.sp-272.6",DruzPolZb.1992-06-03.s038-03.toc-item2,"taxonomy.3.9.5.1.3","topic.409","utterance","Je kdo proti?"
"parl.DruzPolZb","seja",38,"1992-06-03","14:43:00","15:17:00","",0,"DruzPolZb.1992-06-03.s038-03.sp-272","DruzPolZb.1992-06-03.s038-03.sp-272.7",DruzPolZb.1992-06-03.s038-03.toc-item2,"","","vote","8 poslancev."
"parl.DruzPolZb","seja",38,"1992-06-03","14:43:00","15:17:00","PersakAnton1947",1,"DruzPolZb.1992-06-03.s038-03.sp-272","DruzPolZb.1992-06-03.s038-03.sp-272.8",DruzPolZb.1992-06-03.s038-03.toc-item2,"taxonomy.3.9.5.1.3","topic.409","utterance","Se je kdo vzdržal?"
"parl.DruzPolZb","seja",38,"1992-06-03","14:43:00","15:17:00","",0,"DruzPolZb.1992-06-03.s038-03.sp-272","DruzPolZb.1992-06-03.s038-03.sp-272.9",DruzPolZb.1992-06-03.s038-03.toc-item2,"","","vote","6 poslancev."
"parl.DruzPolZb","seja",38,"1992-06-03","14:43:00","15:17:00","PersakAnton1947",1,"DruzPolZb.1992-06-03.s038-03.sp-272","DruzPolZb.1992-06-03.s038-03.sp-272.10",DruzPolZb.1992-06-03.s038-03.toc-item2,"taxonomy.3.9.5.1.3","topic.409","utterance","Ugotavljam, da amandma ni sprejet."
"parl.DruzPolZb","seja",38,"1992-06-03","14:43:00","15:17:00","PersakAnton1947",1,"DruzPolZb.1992-06-03.s038-03.sp-272","DruzPolZb.1992-06-03.s038-03.sp-272.11",DruzPolZb.1992-06-03.s038-03.toc-item2,"taxonomy.3.9.5.1.3","topic.409","utterance","Drugi amandma je amandma Zakonodajno-pravne komisije, ki pravi: na koncu drugega odstavka se pika nadomesti z vejico in doda besedilo ""ki jih zavod potrebuje v zvezi z izvajanjem tega zakona"". Vlada amandma podpira, matični odbor se strinja."
"parl.DruzPolZb","seja",38,"1992-06-03","14:43:00","15:17:00","PersakAnton1947",1,"DruzPolZb.1992-06-03.s038-03.sp-272","DruzPolZb.1992-06-03.s038-03.sp-272.12",DruzPolZb.1992-06-03.s038-03.toc-item2,"taxonomy.3.9.5.1.3","topic.409","utterance","Kdo je za?"
"parl.DruzPolZb","seja",38,"1992-06-03","14:43:00","15:17:00","",0,"DruzPolZb.1992-06-03.s038-03.sp-272","DruzPolZb.1992-06-03.s038-03.sp-272.13",DruzPolZb.1992-06-03.s038-03.toc-item2,"","","vote","38 poslancev."
"parl.DruzPolZb","seja",38,"1992-06-03","14:43:00","15:17:00","PersakAnton1947",1,"DruzPolZb.1992-06-03.s038-03.sp-272","DruzPolZb.1992-06-03.s038-03.sp-272.14",DruzPolZb.1992-06-03.s038-03.toc-item2,"taxonomy.3.9.5.1.3","topic.409","utterance","Je kdo proti?"
"parl.DruzPolZb","seja",38,"1992-06-03","14:43:00","15:17:00","",0,"DruzPolZb.1992-06-03.s038-03.sp-272","DruzPolZb.1992-06-03.s038-03.sp-272.15",DruzPolZb.1992-06-03.s038-03.toc-item2,"","","vote","Nihče."
"parl.DruzPolZb","seja",38,"1992-06-03","14:43:00","15:17:00","PersakAnton1947",1,"DruzPolZb.1992-06-03.s038-03.sp-272","DruzPolZb.1992-06-03.s038-03.sp-272.16",DruzPolZb.1992-06-03.s038-03.toc-item2,"taxonomy.3.9.5.1.3","topic.409","utterance","Se je kdo vzdržal?"
"parl.DruzPolZb","seja",38,"1992-06-03","14:43:00","15:17:00","",0,"DruzPolZb.1992-06-03.s038-03.sp-272","DruzPolZb.1992-06-03.s038-03.sp-272.17",DruzPolZb.1992-06-03.s038-03.toc-item2,"","","vote","Nihče."
"parl.DruzPolZb","seja",38,"1992-06-03","14:43:00","15:17:00","PersakAnton1947",1,"DruzPolZb.1992-06-03.s038-03.sp-272","DruzPolZb.1992-06-03.s038-03.sp-272.18",DruzPolZb.1992-06-03.s038-03.toc-item2,"taxonomy.3.9.5.1.3","topic.409","utterance","Ugotavljam, da je amandma sprejet."
"parl.DruzPolZb","seja",38,"1992-06-03","14:43:00","15:17:00","PersakAnton1947",1,"DruzPolZb.1992-06-03.s038-03.sp-272","DruzPolZb.1992-06-03.s038-03.sp-272.19",DruzPolZb.1992-06-03.s038-03.toc-item2,"taxonomy.3.9.5.1.3","topic.409","utterance","Vlada predlaga amandma k 21. členu, da se doda nov tretji odstavek, ki govori o kaznovanju z 8 tisoč tolarjev tistega posameznega delodajalca, ki ne izpolnjuje tega zakona. Prosim, da glasujete, potem bomo preverili sklepčnost."
"parl.DruzPolZb","seja",38,"1992-06-03","14:43:00","15:17:00","PersakAnton1947",1,"DruzPolZb.1992-06-03.s038-03.sp-272","DruzPolZb.1992-06-03.s038-03.sp-272.20",DruzPolZb.1992-06-03.s038-03.toc-item2,"taxonomy.3.9.5.1.3","topic.409","utterance","Kdo je za?"
"parl.DruzPolZb","seja",38,"1992-06-03","14:43:00","15:17:00","",0,"DruzPolZb.1992-06-03.s038-03.sp-272","DruzPolZb.1992-06-03.s038-03.sp-272.21",DruzPolZb.1992-06-03.s038-03.toc-item2,"","","vote","31 poslancev."
"parl.DruzPolZb","seja",38,"1992-06-03","14:43:00","15:17:00","PersakAnton1947",1,"DruzPolZb.1992-06-03.s038-03.sp-272","DruzPolZb.1992-06-03.s038-03.sp-272.22",DruzPolZb.1992-06-03.s038-03.toc-item2,"taxonomy.3.9.5.1.3","topic.409","utterance","Je kdo proti?"
"parl.DruzPolZb","seja",38,"1992-06-03","14:43:00","15:17:00","",0,"DruzPolZb.1992-06-03.s038-03.sp-272","DruzPolZb.1992-06-03.s038-03.sp-272.23",DruzPolZb.1992-06-03.s038-03.toc-item2,"","","vote","3 poslanci."
"parl.DruzPolZb","seja",38,"1992-06-03","14:43:00","15:17:00","PersakAnton1947",1,"DruzPolZb.1992-06-03.s038-03.sp-272","DruzPolZb.1992-06-03.s038-03.sp-272.24",DruzPolZb.1992-06-03.s038-03.toc-item2,"taxonomy.3.9.5.1.3","topic.409","utterance","Se je kdo vzdržal?"
"parl.DruzPolZb","seja",38,"1992-06-03","14:43:00","15:17:00","",0,"DruzPolZb.1992-06-03.s038-03.sp-272","DruzPolZb.1992-06-03.s038-03.sp-272.25",DruzPolZb.1992-06-03.s038-03.toc-item2,"","","vote","Nihče."
"parl.DruzPolZb","seja",38,"1992-06-03","14:43:00","15:17:00","PersakAnton1947",1,"DruzPolZb.1992-06-03.s038-03.sp-272","DruzPolZb.1992-06-03.s038-03.sp-272.26",DruzPolZb.1992-06-03.s038-03.toc-item2,"taxonomy.3.9.5.1.3","topic.409","utterance","Ugotavljam, da je pogojno amandma sprejet, če bo sklepčnost."
"parl.DruzPolZb","seja",38,"1992-06-03","14:43:00","15:17:00","PersakAnton1947",1,"DruzPolZb.1992-06-03.s038-03.sp-272","DruzPolZb.1992-06-03.s038-03.sp-272.27",DruzPolZb.1992-06-03.s038-03.toc-item2,"taxonomy.3.9.5.1.3","topic.409","utterance","Prosim, da ugotovimo navzočnost! Ni sklepčnosti. Ponovili bomo glasovanje o amandmaju. Predlagam, da prekinemo, ker to, kar mi delamo, je posmeh demokraciji in tem ljudem, ki to gledajo in še čemu. Še enkrat preverjamo navzočnost."
"parl.DruzPolZb","seja",38,"1992-06-03","14:43:00","15:17:00","PersakAnton1947",1,"DruzPolZb.1992-06-03.s038-03.sp-272","DruzPolZb.1992-06-03.s038-03.sp-272.28",DruzPolZb.1992-06-03.s038-03.toc-item2,"taxonomy.3.9.5.1.3","topic.409","utterance","Vse navzoče poslance prosim, da še enkrat ugotovimo navzočnost!"
"parl.DruzPolZb","seja",38,"1992-06-03","14:43:00","15:17:00","",0,"DruzPolZb.1992-06-03.s038-03.sp-272","DruzPolZb.1992-06-03.s038-03.sp-272.29",DruzPolZb.1992-06-03.s038-03.toc-item2,"","","quorum","41 prisotnih."
"parl.DruzPolZb","seja",38,"1992-06-03","14:43:00","15:17:00","PersakAnton1947",1,"DruzPolZb.1992-06-03.s038-03.sp-272","DruzPolZb.1992-06-03.s038-03.sp-272.30",DruzPolZb.1992-06-03.s038-03.toc-item2,"taxonomy.3.9.5.1.3","topic.409","utterance","Še enkrat glasujemo o amandmaju Vlade, ki pravi, da se doda nov tretji dostavek, ki se glasi: ""Delodajalec, posameznik, ki ne opravlja samostojne dejavnosti in ki stori prekršek iz prvega odstavka, se kaznuje z 8 tisoč tolarji."" Matični odbor podpira."
"parl.DruzPolZb","seja",38,"1992-06-03","14:43:00","15:17:00","PersakAnton1947",1,"DruzPolZb.1992-06-03.s038-03.sp-272","DruzPolZb.1992-06-03.s038-03.sp-272.31",DruzPolZb.1992-06-03.s038-03.toc-item2,"taxonomy.3.9.5.1.3","topic.409","utterance","Kdo je za?"
"parl.DruzPolZb","seja",38,"1992-06-03","14:43:00","15:17:00","",0,"DruzPolZb.1992-06-03.s038-03.sp-272","DruzPolZb.1992-06-03.s038-03.sp-272.32",DruzPolZb.1992-06-03.s038-03.toc-item2,"","","vote","31 poslancev."
"parl.DruzPolZb","seja",38,"1992-06-03","14:43:00","15:17:00","PersakAnton1947",1,"DruzPolZb.1992-06-03.s038-03.sp-272","DruzPolZb.1992-06-03.s038-03.sp-272.33",DruzPolZb.1992-06-03.s038-03.toc-item2,"taxonomy.3.9.5.1.3","topic.409","utterance","Je kdo proti?"
"parl.DruzPolZb","seja",38,"1992-06-03","14:43:00","15:17:00","",0,"DruzPolZb.1992-06-03.s038-03.sp-272","DruzPolZb.1992-06-03.s038-03.sp-272.34",DruzPolZb.1992-06-03.s038-03.toc-item2,"","","vote","Nihče."
"parl.DruzPolZb","seja",38,"1992-06-03","14:43:00","15:17:00","PersakAnton1947",1,"DruzPolZb.1992-06-03.s038-03.sp-272","DruzPolZb.1992-06-03.s038-03.sp-272.35",DruzPolZb.1992-06-03.s038-03.toc-item2,"taxonomy.3.9.5.1.3","topic.409","utterance","Se je kdo vzdržal?"
"parl.DruzPolZb","seja",38,"1992-06-03","14:43:00","15:17:00","",0,"DruzPolZb.1992-06-03.s038-03.sp-272","DruzPolZb.1992-06-03.s038-03.sp-272.36",DruzPolZb.1992-06-03.s038-03.toc-item2,"","","vote","2 poslanca."
"parl.DruzPolZb","seja",38,"1992-06-03","14:43:00","15:17:00","PersakAnton1947",1,"DruzPolZb.1992-06-03.s038-03.sp-272","DruzPolZb.1992-06-03.s038-03.sp-272.37",DruzPolZb.1992-06-03.s038-03.toc-item2,"taxonomy.3.9.5.1.3","topic.409","utterance","Ugotavljam, da je amandma sprejet."
"parl.DruzPolZb","seja",38,"1992-06-03","14:43:00","15:17:00","PersakAnton1947",1,"DruzPolZb.1992-06-03.s038-03.sp-272","DruzPolZb.1992-06-03.s038-03.sp-272.38",DruzPolZb.1992-06-03.s038-03.toc-item2,"taxonomy.3.9.5.1.3","topic.409","utterance","K 22. členu je ravno tako Vlada predložila amandma, ki pravi: ""Delodajalec, posameznik, ki ne opravlja samostojne dejavnosti in stori prekršek iz prvega odstavka, se kaznuje s 4 tisoč tolarji."" Matični odbor podpira."
"parl.DruzPolZb","seja",38,"1992-06-03","14:43:00","15:17:00","PersakAnton1947",1,"DruzPolZb.1992-06-03.s038-03.sp-272","DruzPolZb.1992-06-03.s038-03.sp-272.39",DruzPolZb.1992-06-03.s038-03.toc-item2,"taxonomy.3.9.5.1.3","topic.409","utterance","Kdo je za?"
"parl.DruzPolZb","seja",38,"1992-06-03","14:43:00","15:17:00","",0,"DruzPolZb.1992-06-03.s038-03.sp-272","DruzPolZb.1992-06-03.s038-03.sp-272.40",DruzPolZb.1992-06-03.s038-03.toc-item2,"","","vote","31 poslancev."
"parl.DruzPolZb","seja",38,"1992-06-03","14:43:00","15:17:00","PersakAnton1947",1,"DruzPolZb.1992-06-03.s038-03.sp-272","DruzPolZb.1992-06-03.s038-03.sp-272.41",DruzPolZb.1992-06-03.s038-03.toc-item2,"taxonomy.3.9.5.1.3","topic.409","utterance","Je kdo proti?"
"parl.DruzPolZb","seja",38,"1992-06-03","14:43:00","15:17:00","",0,"DruzPolZb.1992-06-03.s038-03.sp-272","DruzPolZb.1992-06-03.s038-03.sp-272.42",DruzPolZb.1992-06-03.s038-03.toc-item2,"","","vote","Nihče."
"parl.DruzPolZb","seja",38,"1992-06-03","14:43:00","15:17:00","PersakAnton1947",1,"DruzPolZb.1992-06-03.s038-03.sp-272","DruzPolZb.1992-06-03.s038-03.sp-272.43",DruzPolZb.1992-06-03.s038-03.toc-item2,"taxonomy.3.9.5.1.3","topic.409","utterance","Se je kdo vzdržal?"
"parl.DruzPolZb","seja",38,"1992-06-03","14:43:00","15:17:00","",0,"DruzPolZb.1992-06-03.s038-03.sp-272","DruzPolZb.1992-06-03.s038-03.sp-272.44",DruzPolZb.1992-06-03.s038-03.toc-item2,"","","vote","5 poslancev."
"parl.DruzPolZb","seja",38,"1992-06-03","14:43:00","15:17:00","PersakAnton1947",1,"DruzPolZb.1992-06-03.s038-03.sp-272","DruzPolZb.1992-06-03.s038-03.sp-272.45",DruzPolZb.1992-06-03.s038-03.toc-item2,"taxonomy.3.9.5.1.3","topic.409","utterance","Ugotavljam, da je amandma sprejet."
"parl.DruzPolZb","seja",38,"1992-06-03","14:43:00","15:17:00","PersakAnton1947",1,"DruzPolZb.1992-06-03.s038-03.sp-272","DruzPolZb.1992-06-03.s038-03.sp-272.46",DruzPolZb.1992-06-03.s038-03.toc-item2,"taxonomy.3.9.5.1.3","topic.409","utterance","K 23. členu je vložen amandma Metke Mencin - to je na 6. strani spodaj, dolg amandma, da se člen spremeni. Upam, da ste prebrali. Vlada ne podpira, matični odbor ne podpira."
"parl.DruzPolZb","seja",38,"1992-06-03","14:43:00","15:17:00","PersakAnton1947",1,"DruzPolZb.1992-06-03.s038-03.sp-272","DruzPolZb.1992-06-03.s038-03.sp-272.47",DruzPolZb.1992-06-03.s038-03.toc-item2,"taxonomy.3.9.5.1.3","topic.409","utterance","Kdo je za?"
"parl.DruzPolZb","seja",38,"1992-06-03","14:43:00","15:17:00","",0,"DruzPolZb.1992-06-03.s038-03.sp-272","DruzPolZb.1992-06-03.s038-03.sp-272.48",DruzPolZb.1992-06-03.s038-03.toc-item2,"","","vote","22 poslancev."
"parl.DruzPolZb","seja",38,"1992-06-03","14:43:00","15:17:00","PersakAnton1947",1,"DruzPolZb.1992-06-03.s038-03.sp-272","DruzPolZb.1992-06-03.s038-03.sp-272.49",DruzPolZb.1992-06-03.s038-03.toc-item2,"taxonomy.3.9.5.1.3","topic.409","utterance","Je kdo proti?"
"parl.DruzPolZb","seja",38,"1992-06-03","14:43:00","15:17:00","",0,"DruzPolZb.1992-06-03.s038-03.sp-272","DruzPolZb.1992-06-03.s038-03.sp-272.50",DruzPolZb.1992-06-03.s038-03.toc-item2,"","","vote","8 poslancev."
"parl.DruzPolZb","seja",38,"1992-06-03","14:43:00","15:17:00","PersakAnton1947",1,"DruzPolZb.1992-06-03.s038-03.sp-272","DruzPolZb.1992-06-03.s038-03.sp-272.51",DruzPolZb.1992-06-03.s038-03.toc-item2,"taxonomy.3.9.5.1.3","topic.409","utterance","Se je kdo vzdržal?"
"parl.DruzPolZb","seja",38,"1992-06-03","14:43:00","15:17:00","",0,"DruzPolZb.1992-06-03.s038-03.sp-272","DruzPolZb.1992-06-03.s038-03.sp-272.52",DruzPolZb.1992-06-03.s038-03.toc-item2,"","","vote","7 poslancev."
"parl.DruzPolZb","seja",38,"1992-06-03","14:43:00","15:17:00","PersakAnton1947",1,"DruzPolZb.1992-06-03.s038-03.sp-272","DruzPolZb.1992-06-03.s038-03.sp-272.53",DruzPolZb.1992-06-03.s038-03.toc-item2,"taxonomy.3.9.5.1.3","topic.409","utterance","Ugotavljam, da je amandma sprejet."
"parl.DruzPolZb","seja",38,"1992-06-03","14:43:00","15:17:00","PersakAnton1947",1,"DruzPolZb.1992-06-03.s038-03.sp-272","DruzPolZb.1992-06-03.s038-03.sp-272.54",DruzPolZb.1992-06-03.s038-03.toc-item2,"taxonomy.3.9.5.1.3","topic.409","utterance","Sedaj je pa alternativni amandma, ki najbrž ni več potreben. Tudi naslednji alternativni amandma je brezpredmeten."
"parl.DruzPolZb","seja",38,"1992-06-03","14:43:00","15:17:00","PersakAnton1947",1,"DruzPolZb.1992-06-03.s038-03.sp-272","DruzPolZb.1992-06-03.s038-03.sp-272.55",DruzPolZb.1992-06-03.s038-03.toc-item2,"taxonomy.3.9.5.1.3","topic.409","utterance","Amandma gospoda Kocipra pod številka štiri, na osmi strani, je ravno tako problematičen sedaj, je brezpredmeten. Se strinjate gospod Kociper?"
"parl.DruzPolZb","seja",38,"1992-06-03","14:43:00","15:17:00","",0,"DruzPolZb.1992-06-03.s038-03.sp-272","DruzPolZb.1992-06-03.s038-03.sp-272.56",DruzPolZb.1992-06-03.s038-03.toc-item2,"","","debate","Ne."
"parl.DruzPolZb","seja",38,"1992-06-03","14:43:00","15:17:00","PersakAnton1947",1,"DruzPolZb.1992-06-03.s038-03.sp-272","DruzPolZb.1992-06-03.s038-03.sp-272.57",DruzPolZb.1992-06-03.s038-03.toc-item2,"taxonomy.3.9.5.1.3","topic.409","utterance","Se ne strinja. Ne moremo sprejeti dveh amandmajev k isti stvari."
"parl.DruzPolZb","seja",38,"1992-06-03","14:43:00","15:17:00","PersakAnton1947",1,"DruzPolZb.1992-06-03.s038-03.sp-272","DruzPolZb.1992-06-03.s038-03.sp-272.58",DruzPolZb.1992-06-03.s038-03.toc-item2,"taxonomy.3.9.5.1.3","topic.409","utterance","Peti amandma, da se četrta alinea preoblikuje v poseben odstavek, predlagatelja gospa Lokar in gospod Potrč. Tudi ta amandma, ker ni več alinee - kaj mislita predlagatelja? - je brezpredmeten."
"parl.DruzPolZb","seja",38,"1992-06-03","14:43:00","15:17:00","PersakAnton1947",1,"DruzPolZb.1992-06-03.s038-03.sp-272","DruzPolZb.1992-06-03.s038-03.sp-272.59",DruzPolZb.1992-06-03.s038-03.toc-item2,"taxonomy.3.9.5.1.3","topic.409","utterance","Šesti amandma, da se na koncu tega člena doda nov odstavek (predlagatelja gospa Lokar in gospod Potrč): ""Osebam iz prvega odstavka tega člena se na njihovo zahtevo izda delovno dovoljenje za naslednje leto, če so na dan, ko jim poteče prvo delovno dovoljenje, v delovnem razmerju za določen ali nedoločen čas."" Vlada ne podpira, matični odbor ne podpira. Vztrajata, da se glasuje - glede na izglasovani amandma?"
"parl.DruzPolZb","seja",38,"1992-06-03","14:43:00","15:17:00","",0,"DruzPolZb.1992-06-03.s038-03.sp-272","DruzPolZb.1992-06-03.s038-03.sp-272.60",DruzPolZb.1992-06-03.s038-03.toc-item2,"","","debate","Da."
"parl.DruzPolZb","seja",38,"1992-06-03","14:43:00","15:17:00","PersakAnton1947",1,"DruzPolZb.1992-06-03.s038-03.sp-272","DruzPolZb.1992-06-03.s038-03.sp-272.61",DruzPolZb.1992-06-03.s038-03.toc-item2,"taxonomy.3.9.5.1.3","topic.409","utterance","Da se glasuje."
"parl.DruzPolZb","seja",38,"1992-06-03","14:43:00","15:17:00","PersakAnton1947",1,"DruzPolZb.1992-06-03.s038-03.sp-272","DruzPolZb.1992-06-03.s038-03.sp-272.62",DruzPolZb.1992-06-03.s038-03.toc-item2,"taxonomy.3.9.5.1.3","topic.409","utterance","Prvi odstavek se sedaj glasi drugače, kot se je prejšnji. Sedaj dobijo po prvem odstavku dovoljenje za nedoločen čas in zato se mi zdi da je amandma malo... Se strinjata, da ni potrebno glasovati? Strinjata. Hvala."
"parl.DruzPolZb","seja",38,"1992-06-03","14:43:00","15:17:00","PersakAnton1947",1,"DruzPolZb.1992-06-03.s038-03.sp-272","DruzPolZb.1992-06-03.s038-03.sp-272.63",DruzPolZb.1992-06-03.s038-03.toc-item2,"taxonomy.3.9.5.1.3","topic.409","utterance","Sedmi amandma - ravno tako predlagatelja gospa Lokar in gospod Potrč - se nanaša na alinee, ki jih ni več. Se strinjata? Hvala."
"parl.DruzPolZb","seja",38,"1992-06-03","14:43:00","15:17:00","PersakAnton1947",1,"DruzPolZb.1992-06-03.s038-03.sp-272","DruzPolZb.1992-06-03.s038-03.sp-272.64",DruzPolZb.1992-06-03.s038-03.toc-item2,"taxonomy.3.9.5.1.3","topic.409","utterance","Amandma Zakonodajno-pravne komisije: V prvem in drugem odstavku se besedi ""državljani SFRJ"" nadomestita z besedami ""državljani nekdanje SFRJ"" ali imamo sedaj v amandmaju Metke Mencin ""državljane SFRJ"". Se pravi glasujemo o amandmaju Zakonodajno pravne komisije, da se (ugotavljamo navzočnost) dikcija ""državljani SFRJ"" nadomesti z dikcijo ""državljani nekdanje SFRJ"". Ne, to pa je nekaj drugega moram reči."
"parl.DruzPolZb","seja",38,"1992-06-03","14:43:00","15:17:00","commentator",0,"DruzPolZb.1992-06-03.s038-03.sp-272","DruzPolZb.1992-06-03.s038-03.sp-272.65",DruzPolZb.1992-06-03.s038-03.toc-item2,"taxonomy.3.9.5.1.3","topic.409","vocal","Smeh."
"parl.DruzPolZb","seja",38,"1992-06-03","14:43:00","15:17:00","PersakAnton1947",1,"DruzPolZb.1992-06-03.s038-03.sp-272","DruzPolZb.1992-06-03.s038-03.sp-272.66",DruzPolZb.1992-06-03.s038-03.toc-item2,"taxonomy.3.9.5.1.3","topic.409","utterance","Ugotavljamo sklepčnost, g. Požarnik, pravkar!"
"parl.DruzPolZb","seja",38,"1992-06-03","14:43:00","15:17:00","",0,"DruzPolZb.1992-06-03.s038-03.sp-272","DruzPolZb.1992-06-03.s038-03.sp-272.67",DruzPolZb.1992-06-03.s038-03.toc-item2,"","","quorum","39 prisotnih."
"parl.DruzPolZb","seja",38,"1992-06-03","14:43:00","15:17:00","PersakAnton1947",1,"DruzPolZb.1992-06-03.s038-03.sp-272","DruzPolZb.1992-06-03.s038-03.sp-272.68",DruzPolZb.1992-06-03.s038-03.toc-item2,"taxonomy.3.9.5.1.3","topic.409","utterance","Kakor vem, ni nihče šel ven med tem. Lahko še enkrat ugotovimo navzočnost? Vse navzoče poslance prosim, da potrdite. Hvala, prekinjam sejo. Hvala. Bomo pač naslednjič glasovali naprej. ...(Saj je vseeno. Če se jim ne ljubi pritiskati na tipke, kaj čem jaz.)..."
"parl.DruzPolZb","seja",38,"1992-06-03","14:43:00","15:17:00","PersakAnton1947",1,"DruzPolZb.1992-06-03.s038-03.sp-272","DruzPolZb.1992-06-03.s038-03.sp-272.69",DruzPolZb.1992-06-03.s038-03.toc-item2,"taxonomy.3.9.5.1.3","topic.409","utterance","Izglasovali smo. Do prejšnjega glasovanja smo še bili sklepčni, ker smo preverili navzočnost."
"parl.DruzPolZb","seja",38,"1992-06-03","14:43:00","15:17:00","",0,"DruzPolZb.1992-06-03.s038-03.sp-272","DruzPolZb.1992-06-03.s038-03.sp-272.70",DruzPolZb.1992-06-03.s038-03.toc-item2,"","","time","SEJA JE BILA PREKINJENA 3. JUNIJA 1992 OB 15.17 URI IN SE JE NADALJEVALA 17. JUNIJA 1992 OB 12.00 URI."
